1.450007944584497110e-03
1.160475511566394502e-03
1.483978619635228924e-03
1.595423504287540872e-03
1.611305680613295266e-03
1.667730092570707257e-03
1.217566195302666188e-03
1.627692750515996600e-03
1.934535303905082770e-03
1.278217944438275744e-03
1.168925778599616550e-03
1.537561535271514401e-03
5.373415487754940045e-04
4.268788503621889774e-04
4.761808988302806966e-04
1.289119214106793088e-03
1.315439977394361470e-03
1.442918329105480346e-03
1.043784560688654217e-03
7.729270308647340215e-04
1.329823612624125850e-03
6.380075399323725804e-04
6.953877920096163123e-04
1.014007023506513505e-03
6.104543658714822740e-04
1.215348469191024350e-03
1.328740183642818096e-03
1.187625029141825550e-03
8.060273837678932907e-04
8.116045169931362935e-04
9.358609811407347934e-04
1.403830793184290826e-03
1.964025342946151831e-03
8.537611888728147136e-04
3.087307630940561154e-03
4.423977047323890410e-03
1.414988136402950403e-03
5.823827505302414664e-04
1.264256248403872185e-03
1.810457511434271360e-03
4.081841381054052142e-03
5.163880391854891450e-03
1.848915156641983693e-03
4.736217081388716110e-03
2.541243871285070455e-03
3.965474084190234727e-03
2.055322123155511882e-03
1.459544987107874725e-03
5.833578490598845256e-03
1.487762099293576945e-03
1.421185504549060674e-03
2.039935119838021116e-03
4.911639199258743815e-03
3.598247463840409388e-03
1.275720838631921872e-03
1.089565611835152659e-03
3.712483882929773493e-03
2.649165861279723089e-03
2.462797744434697123e-03
3.074391536638798605e-03
2.941343050335443188e-03
3.789186939947897237e-03
2.042962145327842372e-03
1.676630378701804425e-03
1.383799702616372862e-03
2.892906782134496702e-03
5.920981914087075637e-04
6.950571910749880900e-04
7.006326373210081115e-04
3.767789135677546142e-03
1.301807019653211661e-03
9.303001380509101637e-03
1.059952976516731482e-03
1.108036943348156278e-03
1.154121768896732014e-03
1.248383069972214265e-03
2.989134286335737301e-03
1.355711987645169536e-03
1.353914285882829027e-03
2.383636568909608400e-03
3.414873240309423963e-03
5.691992171343529527e-03
5.695662953893010361e-03
3.665496643474819294e-03
2.963504867949939836e-03
9.660746944591402929e-03
1.086941406070462968e-03
1.524188036738038932e-03
1.538200511863263564e-03
1.063960673248209865e-03
1.481421114051917343e-03
1.371040871211870460e-03
1.488994881929661673e-03
1.574949418470805718e-03
1.176829750784036399e-03
1.770510633396615852e-03
1.375209409366529023e-03
1.462449033107326990e-03
1.173998718960178600e-03
1.668465673348662470e-03
1.416811599998069049e-03
1.491221945946863414e-03
3.052854799533322172e-03
9.639917691706134661e-04
9.365658968550905072e-04
1.115712197661267169e-03
1.347458433999748628e-03
1.455672520865980424e-03
1.474250687894862466e-03
1.017019983081346446e-03
8.564101185523087523e-04
9.799075494669740038e-04
1.502981700794325803e-03
7.892381147207583325e-04
9.490418653566035090e-04
1.127493928408274115e-03
1.122973592882159366e-03
1.047858913448829199e-03
1.097260837872982009e-03
7.302296291511467530e-04
5.087533546674904983e-04
9.347476762603390554e-04
5.917897563171292674e-04
1.215346931532357289e-03
1.877345743683145329e-03
8.075714658011268199e-04
8.887398874964924644e-04
7.339873288476628233e-04
6.143640472897615723e-04
3.510735263222097835e-03
2.663445550397769424e-03
1.587458529949903330e-03
3.141248882531089137e-03
1.929223856149575589e-03
1.298095072277072326e-03
1.961556355997040590e-03
1.662443152340653540e-03
2.454280780667228434e-03
1.948521190036966999e-03
2.131861757424635684e-03
1.148790093079665731e-03
4.341643805304662429e-03
8.694430085796067686e-04
6.124897001414830733e-03
1.209054357715566574e-03
7.607017347847744304e-03
1.574025639744514038e-03
3.602336894143354229e-03
1.584947988857443590e-03
9.736842640434284490e-04
1.808037814346241667e-03
2.355672629655969352e-03
1.728525363782984492e-03
2.125024717357315573e-03
1.931891933473983691e-03
2.707867199811087033e-03
1.579882950382915929e-03
1.263113529372916766e-03
1.563020665266479092e-03
2.323337125133773107e-03
4.921698174688349248e-03
9.144024905735070874e-04
2.708201064285487014e-03
4.965475396939700303e-03
2.077183024970175040e-03
3.906680930092609749e-03
1.295130101723107607e-03
2.261517921229083683e-03
2.179276608126001769e-03
2.754361886017298033e-03
3.148667917958536400e-03
1.368370497557547250e-02
1.021805991616497877e-03
1.603772031948613730e-03
4.822148519449620530e-03
1.932637212032073393e-03
3.242834290226315197e-03
9.093850235053491105e-04
3.807733884717778849e-03
8.968260855167775603e-04
8.538686926141902944e-03
7.221095674897148875e-03
2.780803893941530269e-03
8.006711419494827453e-04
1.201384324901821898e-02
1.251651832976818923e-03
7.679225810615197823e-03
3.689501489285706981e-03
2.078784766013641594e-03
1.478308869152455962e-03
1.196361437567627917e-03
7.283914415099346229e-04
1.860528449140863572e-03
2.002057719306948869e-03
1.285989307466817166e-03
8.685978309377340167e-04
6.555505347445311770e-04
7.403565634788167316e-04
5.995029957956643507e-03
9.095335918463565150e-03
3.027157872567465269e-03
1.105035513398355818e-02
9.015333667774405590e-03
1.206475047818533763e-02
2.608670266560531026e-03
8.805773921558568418e-04
6.679606301773666210e-03
6.802106667865848166e-04
1.031728586018298977e-03
9.551990455346492936e-04
8.498611389064825161e-03
4.997906170807753234e-03
8.751813009681641553e-03
1.189063838853532395e-03
7.861813893919045171e-04
1.913160822733517286e-03
1.926219346741087080e-03
2.631143158810966831e-03
7.934197243908425179e-04
4.037342749763084271e-04
4.641075015237694501e-03
2.304465935062172122e-03
4.910382207586438952e-03
1.695344417275368443e-03
4.227819612264371862e-03
1.868828342296180445e-03
8.475126378260089410e-04
2.256280763851647997e-03
2.575650462573242372e-03
1.390259332730958697e-03
4.700639164254449831e-03
1.510625525971587280e-03
3.764729026154989278e-03
2.484090296093088845e-03
1.747788628918556242e-03
4.789314363613184078e-03
5.027454368483175173e-03
1.424830530955212282e-03
8.715228679622155639e-04
1.634782380879440389e-03
1.246797629077422975e-03
9.344828092211487913e-04
1.358210734997866709e-03
9.870767976272176725e-04
1.263422343653064495e-03
1.716680606975051759e-03
1.360370779009412168e-03
7.696296494070775651e-04
1.359586930338996247e-03
1.110619758748376817e-03
1.280520058441037001e-03
9.299827545200534118e-04
1.161091779039336025e-03
9.655605520136889552e-04
9.413439942058676735e-04
1.387923790004852442e-03
1.834033050743477666e-03
8.893288862718007337e-04
1.528872764492428260e-03
1.121805572324996447e-03
9.255570090898057600e-04
1.012906931771695440e-03
1.114752678099906191e-03
7.946138205112696085e-04
6.971813180114527775e-03
2.990090983405080394e-03
5.965324562915652606e-03
7.807821873802023305e-04
1.079512203065680076e-03
9.370356069705598756e-04
1.221527594856053334e-03
9.770271629747639963e-04
8.379935862701248794e-04
1.493384404220199357e-03
8.686237607027358365e-03
1.368364101826535784e-02
1.191690708326476056e-03
1.579902603438543274e-03
1.112402072676266229e-03
7.665232676544730950e-04
2.136327273886906575e-03
1.065576186170869022e-03
1.027506199335781467e-03
9.547287850648622509e-04
1.088241245164378590e-03
1.321809863528589091e-03
1.416526929729711171e-03
1.583059055585755992e-03
8.075564970800863662e-04
6.423551520333692366e-04
8.755240485336379663e-04
8.764345971871145835e-04
1.251356081748977722e-03
1.686807739369022840e-03
7.365237227967558198e-04
5.561086250838176426e-04
4.224318170323870802e-04
1.047520568706272748e-03
7.056796754493221968e-04
9.192124749215491164e-04
5.447251061005964345e-04
9.935539492028633290e-04
8.197067122022172470e-04
6.327434762839478921e-04
1.659355403739293244e-03
2.553513711634369798e-03
3.430483824805596882e-03
1.309388345245077190e-03
3.321189760090992316e-03
1.832151895644229533e-03
2.138065636773101019e-03
2.747482450914384700e-03
5.968191287624158292e-04
1.472259416818166855e-03
1.728600938313618052e-03
9.734825216218823130e-04
1.248737592398851959e-03
1.363009281524329985e-03
1.446609697307588149e-03
2.255060563066568768e-03
1.363888182198236265e-03
1.921405421832611538e-03
1.819588108466718701e-03
2.271422023398916856e-03
1.436382745953590501e-03
8.387574635393413303e-04
1.513312775572650537e-03
1.575957177587961056e-03
2.095078147143825120e-03
1.222227569281919557e-03
1.387555970652210036e-03
1.745002974476217439e-03
2.669928526918163847e-03
7.619827860555483667e-04
7.384220220021386893e-04
1.830097641341454917e-03
1.819201504871137409e-03
8.715613398447841220e-04
7.365583462616287491e-04
8.591790420405809314e-04
9.750393747611774131e-04
1.291218280443984234e-03
1.895551915608639781e-03
1.267880042863156476e-03
9.475781415938522301e-04
2.088850849661372244e-03
6.645204271800153606e-04
7.014832030325379719e-04
1.176962617595922467e-03
9.351906237642371167e-04
1.351879260216626299e-03
1.525341251286560507e-03
1.812466624624198275e-03
6.762016786633351373e-04
7.522350502111585513e-04
1.371606197202113187e-03
7.440524807907911153e-04
8.596476126518926009e-04
1.073655084648184044e-03
1.448028752706109756e-03
7.251025590132575971e-04
1.680203810824565380e-03
1.386171084495901873e-03
1.569632569830115010e-03
1.880615721008616070e-03
8.726986549538739979e-04
1.799316653343985273e-03
3.240466344222370232e-03
1.347237291736691489e-03
9.398125825391678845e-04
7.331868926290230348e-04
8.201774531979566518e-04
7.829782092315662467e-04
1.769658032877763354e-03
6.869640542623844937e-04
3.433906616458815009e-03
8.509080786832656784e-04
8.434036658706567380e-04
5.451137338044698133e-03
8.574955072929713040e-04
2.203205562817722729e-03
2.842522119476331710e-03
1.936199412099770534e-03
3.476707529065814484e-03
1.093883893224623094e-03
1.186529027968008521e-03
2.199104598549994627e-03
2.398378077120177920e-03
4.628527281796634973e-03
2.069261585712967033e-03
4.919686181195426222e-03
4.023331365308968621e-03
4.627703485841738740e-03
1.983226134343540892e-03
2.473107649459294066e-03
3.239605498987718768e-03
1.671968098887921528e-03
3.378903632048402272e-03
5.144374352953562379e-03
3.366063099290550475e-03
2.007083879656978986e-03
2.441474757162054310e-03
2.050058622599104652e-03
3.124074650082353521e-03
9.532204410500622060e-04
3.442004901520023807e-03
1.023285702318688095e-03
2.862966092856855660e-03
4.654769563695593249e-03
1.902730364825355736e-03
3.177118840901327346e-03
9.486205728983509999e-04
2.002258610021456775e-03
5.163810790111522664e-03
1.145423774618237189e-03
1.832546022344283543e-03
2.103869873740449314e-03
1.301241222183446844e-03
2.193067583916352703e-03
3.457960726782727257e-03
2.884803960410020629e-03
3.500260051963688390e-03
1.221336567605035839e-03
2.921433989533817055e-03
2.088750087591351168e-03
3.612396370039405724e-03
4.438099643571336017e-03
2.709641570949439249e-03
2.568403275361341720e-03
1.318460286957812144e-03
1.400962907463054741e-03
3.786953840361095835e-03
3.299888021512153990e-03
2.652800415707590176e-03
7.357027729453236020e-04
7.182430933534433848e-04
1.363731301588622102e-03
4.270776153413424758e-03
1.070246679084507768e-03
2.897976604565255521e-03
1.631361903967509797e-03
9.160721242382763307e-04
1.411395584827834782e-03
7.336945190223875812e-04
5.052947582684486072e-03
1.018932324095889186e-03
9.725819361139365071e-04
1.292130682077341497e-03
3.460586387477149195e-03
2.185127534297226504e-03
1.930526122709719239e-03
2.047742214435821495e-03
3.099476528214961668e-03
1.898069380615985402e-03
1.171858388541946461e-03
1.592281700474429407e-03
1.122566903764887769e-03
2.073384620036256010e-03
1.231310688456943581e-03
1.068759903901761454e-03
1.141979990447627991e-03
1.065268739398383957e-03
2.181783443862883587e-03
1.806989540656278592e-03
1.864960117915925863e-03
2.037005693418802998e-03
2.612882743132538543e-03
7.652187116500286379e-04
3.466440769820611223e-03
1.000914554961984670e-03
1.364708286815452531e-03
1.633763430526680160e-03
6.651501487641153787e-04
6.167155253352651911e-04
6.163249165574091748e-03
1.180136506367279736e-02
3.298532314368385343e-03
1.607915948690585850e-03
7.379659064379207045e-03
7.223210579792582742e-03
8.758453221646478326e-03
1.036624885332393387e-02
6.704462940585464992e-03
1.096491071767902170e-02
1.366408751607650629e-03
1.296715016365079798e-03
3.441806051553197854e-03
8.242915661985650289e-04
8.693081912522382382e-03
1.441829162035168643e-03
1.155118763332407816e-03
9.498658403306659004e-03
1.236174392535238642e-02
1.301232228264326274e-02
7.338413553308220649e-03
1.105418965074544957e-03
1.253862503413194496e-03
1.217322505914220088e-03
2.386941918933516149e-03
2.101458382417042969e-03
2.406625093004710614e-03
1.293505087419211108e-03
9.813296617519062792e-04
1.391338445279055591e-03
8.066064967715558254e-04
1.011461636453603319e-03
7.503932960021275633e-04
1.674679218660157787e-03
1.681528661996778418e-03
1.193357248503112977e-03
1.255813202158062580e-03
1.138302648355016267e-03
1.196694814497023529e-03
1.495375181246760832e-03
1.025123813946815510e-03
1.917535997922770186e-03
1.772258325716036254e-03
1.909548767810131942e-03
2.077151628118056870e-03
1.528865942757140495e-03
3.150842640282980334e-03
2.964829520158418497e-03
1.414343547905705378e-03
1.384747428857746598e-03
1.239688076786205073e-03
1.064506833113876283e-03
2.051245528843947952e-03
5.234464152730877728e-03
8.853022705453961194e-04
8.325559379691593875e-04
3.018349401893050121e-03
1.372556652330603200e-03
7.682488289595390540e-04
1.075700581827043756e-03
1.264375791143024230e-03
1.321182949493571179e-03
1.364613565582151189e-03
1.528711063383370039e-03
1.216251652540023542e-03
1.073931322175036840e-03
7.806409169738293130e-04
1.026692369793802406e-03
6.204234484005199945e-04
2.049305075621954408e-03
1.098343722067518513e-03
1.751192558537839616e-03
1.581388035967856709e-03
2.073581081724062969e-03
1.902280069990602840e-03
3.528266550590797301e-03
1.615206389081746963e-03
2.853276050976516487e-03
3.306929016268722599e-03
2.801381520576073925e-03
1.749730128552395847e-03
9.977350295158338156e-04
2.796654596953329630e-03
1.598538176538544242e-03
2.304786493838029138e-03
7.323528766529641132e-04
1.709646754536886526e-03
1.581727216356076937e-03
1.172704930646251142e-03
1.986764045039279836e-03
1.126561469570352969e-03
1.461850078558146748e-03
1.255546124844464373e-03
6.567887710200448481e-04
1.037508613435100813e-03
1.335222986189710248e-03
2.246490864280747957e-03
1.242136529471471462e-03
1.357984392247879590e-03
3.502204477449422093e-03
6.083184631519578112e-03
3.061214723582006414e-03
9.424973679510451063e-04
1.221106867213106462e-03
1.137688524044944138e-03
9.348650382640100176e-04
1.688690348074950442e-03
1.017471097153554993e-03
1.964450152846630715e-03
2.186485971670704131e-03
1.768469704947372989e-03
1.203186929723543130e-03
9.540378047862008160e-04
1.279237603493577069e-03
1.770439564249826070e-03
8.920455193852649955e-04
8.566906236925353468e-04
2.378131867162625035e-03
1.912016347080824907e-03
1.244788405980523649e-03
8.074793987691286645e-04
7.648869314236250716e-04
7.555091055841955949e-04
1.021470646697109075e-03
1.116666937673649329e-03
9.722935730361870199e-04
1.357704460694719728e-03
2.448456708881496802e-03
1.955868645894587310e-03
8.943800593775863561e-04
1.007132499072360687e-03
8.340293175196356046e-04
1.024150234994025688e-03
1.064186829718649641e-03
1.275603592350460502e-03
1.386572817507536470e-03
1.171315957868790392e-03
1.425544662387312478e-03
8.896201199937170401e-04
1.075005915353588470e-03
8.945131881592516265e-04
1.007523521777242692e-03
2.431537051220789003e-03
2.332914179187239867e-03
9.320472586187289465e-04
1.943391054028631437e-03
1.762535499740480738e-03
1.000796918677271385e-03
6.758177070791404617e-04
3.001267406752106126e-03
1.254151383439428002e-03
1.572159808409856474e-03
1.249117367432828196e-03
9.443037162945033813e-04
1.449315090153113772e-03
1.626543804648550307e-03
8.849002263258132217e-04
3.438471301637768818e-03
8.961684556244575717e-04
8.682599836594695475e-04
7.194384917227347742e-04
6.429608566762556876e-04
1.220108216656967670e-03
1.770276783718882641e-03
2.678665485424835957e-03
2.503874615227608125e-03
2.213648828776726418e-03
1.965195482832138296e-03
1.850508004840323295e-03
1.871127098399427702e-03
1.235757653657576505e-03
1.047116169886397330e-03
1.047231701745587884e-03
3.100860125525017885e-03
9.685907095507984010e-04
7.584022255434641480e-04
2.267849222002071841e-03
8.480053910029372588e-04
1.474661173025193506e-03
2.395524575371621445e-03
1.102815330611850442e-03
1.116992697070773310e-03
7.657818373004721124e-04
1.502051236574097892e-03
1.373717343449043504e-03
9.907300225668880245e-04
7.331965504199233763e-04
1.308651571913288514e-03
1.410546713949467623e-03
6.580917355983872952e-04
1.107018782757207553e-03
9.688069134009547057e-04
1.582866937025251275e-03
8.331009795651267424e-04
1.017249930884700504e-03
9.709860754208987643e-04
1.285873054489683476e-03
2.101653408914661014e-03
7.827048505532063771e-04
1.165929176035973569e-03
1.110818659846080081e-03
1.859584766010446977e-03
1.357406319600573674e-03
1.820872758988123508e-03
2.345658832880181954e-03
2.145083306657413758e-03
1.483532614345417500e-03
1.212321468569976801e-03
2.585575829564423778e-03
9.431889931065251531e-04
1.635576976743768896e-03
2.361471894108180258e-03
9.516257745306733185e-04
1.058558245827456723e-03
1.076800179163894811e-03
1.218209275914095002e-03
1.346972451533923198e-03
1.133901858632158088e-03
1.261057734315840229e-03
1.061173925337000057e-03
8.756500833687619334e-04
1.648944041656386084e-03
9.366645600981104991e-04
1.123365580939506003e-03
9.088491895126171727e-04
9.023713169908909038e-04
1.525899847117373476e-03
1.482591554248902099e-03
9.986846308648322790e-04
1.050821945418167758e-03
8.354772173716495942e-04
1.135813568645671623e-03
1.989747571556121919e-03
1.778644107992000123e-03
7.712246502912245560e-04
2.574090978954002296e-03
7.829676318630296450e-04
3.224164680802332761e-03
3.037706107940851830e-03
9.990594474774683320e-04
1.058411071272136184e-03
7.557178118721141757e-04
4.611280706784404160e-03
1.233108857773057565e-03
1.104544056211920200e-02
2.685016371307913374e-03
2.403449612775165889e-03
1.085466737141382865e-03
2.051328501502580615e-03
8.945871572452190890e-04
1.178626716519470818e-03
1.002702443838932034e-03
8.380517410333521156e-04
1.046051327395325359e-03
2.272331203351685147e-03
1.652777732801036237e-03
9.927132778695391124e-04
9.843872045240953383e-04
9.492253958464091923e-04
8.317360004966856124e-04
1.109460203568723990e-03
1.483922285678729303e-03
2.507663018943673272e-03
1.270365104314774563e-03
1.453874870838589572e-03
1.574172760291370210e-03
1.007605200438188575e-03
9.893131978807589988e-04
1.132583567099887389e-03
1.042767641549535718e-03
9.112991370545664438e-04
1.289579370228666200e-03
9.350038339379640462e-04
1.717319455386445703e-03
1.325115097480011883e-03
1.914430961184709901e-03
8.890446683436081798e-04
8.258106220575545109e-04
8.776877420378914607e-04
1.998507575949326487e-03
1.972044329809463648e-03
1.145524952158916143e-03
1.353943377023547612e-03
1.107737496072958017e-03
6.435652016048010182e-04
2.149237283629590323e-03
1.942866423052636016e-03
1.610896484639301462e-03
1.981736827282865043e-03
3.105993717600785686e-03
7.533661892629162082e-04
1.660786923432189255e-03
1.102685815950410486e-03
2.378849769868129904e-03
7.396646049642185972e-04
1.133699905987994860e-03
8.823044504697730162e-04
1.917939998577589122e-03
1.827904386910050860e-03
2.431918894528095620e-03
9.623752359299020398e-04
1.226687140396087727e-03
9.468694629651830397e-04
1.067620685810566350e-03
7.875051534781407625e-04
6.994165256555273658e-04
1.518656251644934230e-03
8.980380247746166944e-04
1.345884528656915435e-03
1.950087592131666270e-03
9.881012210244399796e-04
1.805589136787744131e-03
1.141500289215779951e-03
1.155648174656631610e-03
9.414993045546715678e-04
1.191873862864123446e-03
1.942374035963423395e-03
2.177562083094830570e-03
1.325257392599921147e-03
9.911815895112807695e-04
2.564851141299007153e-03
1.115453780373365511e-03
1.594009860311884630e-03
2.823269014275431310e-03
8.311110228209628303e-04
1.660196301121019680e-03
1.072664335540318703e-03
8.900501283994888269e-04
2.265524888430126005e-03
9.118813047206741906e-03
1.087512948563684745e-03
1.083446301439194848e-03
1.486857080578385393e-03
3.487998424018257104e-03
4.123133001198375780e-03
2.667452097568356884e-03
1.106443460894834807e-03
9.909203396439858480e-04
6.213238472159154924e-04
1.337847691323501564e-03
2.440815638938720333e-03
2.501198486902667106e-03
1.697473687592876423e-03
2.821624443256398607e-03
1.475949976335155789e-03
1.836409508600089779e-03
9.806376864256449721e-04
1.454427436324623457e-03
2.021256719145325675e-03
2.823916097906997713e-03
1.982840890787374022e-03
2.649508588446036761e-03
3.005146548765602610e-03
3.726158951496971738e-03
2.552513749012441657e-03
1.460953670827769280e-03
2.703514779111571009e-03
1.457489632507136257e-03
3.542447837583950765e-03
3.528673739345178362e-03
1.091177128348053138e-03
1.309095534645199344e-03
5.438987626784630436e-04
1.609721259389962356e-03
9.114879140675880009e-04
1.071214879378890039e-03
3.517197915492986660e-03
1.282115903111558097e-03
1.470731595789254165e-03
1.171314188246674881e-03
3.856296265990488692e-03
1.743283271403273105e-03
1.854554539670205671e-03
3.352052787029879966e-03
1.161374219797450813e-03
1.791061618044542669e-03
1.512215596209065538e-03
1.689374077157079768e-03
7.642455771078582316e-04
8.377007011277637361e-04
7.530664550766674736e-04
7.717911391318388326e-04
8.054352784002682952e-04
1.471216742769843044e-03
6.196186831477934476e-03
3.032273901487192447e-03
3.415294625253695315e-03
4.533114671559257403e-03
1.886047005926205777e-03
1.654624216929523328e-03
3.533724321443942884e-03
1.892773068236541789e-03
3.330661707756754630e-03
1.257608353993133754e-03
1.545633267217461082e-03
1.393164494566390132e-03
1.390111352490785990e-03
1.663917592825914227e-03
2.291142053998274086e-03
2.576226047908303229e-03
1.110831026393310772e-03
4.257187754592384188e-03
3.071775170324531068e-03
5.876983485428866061e-04
1.960574384956115246e-03
1.103005603696027848e-03
5.580083325460449828e-04
2.680783719910762031e-03
1.561337732921996846e-03
1.019461276044908438e-03
7.003043367778127859e-04
1.041078564526620731e-03
1.051749976289872990e-03
1.128836465314253523e-03
1.410491666759550178e-03
8.045118153092722935e-04
1.449217256830781508e-03
1.123647754507461904e-03
1.805602997947408639e-03
1.349066508238405682e-03
1.101562552801915729e-03
1.828740691171892863e-03
1.101843676286629048e-03
1.463991870196523770e-03
7.893761164966539567e-04
2.393809830235404945e-03
1.585602741564051676e-03
1.519901746999341441e-03
1.322786950800347583e-03
1.693890555966137690e-03
1.490525864906278031e-03
1.652337222563526886e-03
8.350801041887567777e-04
9.092974069088155531e-04
1.012797207181836967e-03
2.682503281693060515e-03
9.868130868692093216e-04
9.845901628537934158e-04
1.392568114848891092e-03
1.092254709351259123e-03
1.450731041715891401e-03
3.780237693652432895e-04
7.239142349595439896e-04
6.116161740190584339e-04
9.702339219338496079e-04
7.689756584499107817e-04
2.087658597640040803e-03
2.043307088594681353e-03
1.882339470007043936e-03
1.955180529559341629e-03
2.495367279391591531e-03
1.126601883227773548e-03
2.654212955346291203e-03
1.807023367922755419e-02
2.774783548650128218e-03
1.210732517356905014e-02
1.920999426906588869e-02
2.084800673479825228e-03
5.625022704661364337e-03
5.182873627939010852e-03
1.741948329684439578e-03
1.657789673264098429e-02
1.003191694438043680e-02
1.856042025666249096e-03
1.984470964549012173e-03
1.661184859753472853e-02
2.389114293369409836e-03
5.362428780766537173e-03
1.888756277092729086e-03
3.395102333452748589e-03
1.429597488696310315e-03
4.499404073334933862e-03
4.583024890761233650e-03
6.405470941813207197e-03
2.607871627450908392e-03
2.142505419340579031e-03
1.682159451088627300e-03
3.269542100962530284e-03
1.089303663787566379e-03
9.401021421277744317e-03
1.515612907306396195e-03
5.348373815012408272e-03
6.153722636512704014e-03
2.809889901340123508e-03
6.009309328302681052e-03
1.316534496745935812e-02
6.012587423625426197e-03
2.414785847420386489e-03
1.389605852283437581e-02
1.438043134245781118e-03
5.269529364222758083e-03
1.913212302518396690e-03
1.408061952138084383e-02
2.015925902264448233e-02
1.689100210059746310e-03
4.967880369342814184e-03
4.812421985651127443e-03
2.037827397587843592e-03
8.314701393479895231e-03
4.186601509675758059e-03
8.490335440470064832e-03
2.576870676617493139e-03
1.380662058664161584e-03
8.046200333466591026e-03
2.225364471793889187e-03
6.687815574688560361e-03
5.604773389098482994e-03
2.862671729257248998e-03
6.602943653719273165e-03
6.829757944210035348e-04
8.424447849903926588e-03
7.527647435849660340e-03
1.043183183708085160e-02
2.579335107639635360e-03
4.318439404310647767e-03
2.162602282085979155e-03
3.300544391333870564e-03
1.416816594840053511e-03
7.899032397667204997e-03
1.541209652210162595e-03
6.927523873683338884e-03
3.780256075147647721e-03
2.451060776495928017e-03
1.052697732959539945e-02
4.920298431462466482e-03
6.987216954772335065e-03
7.281014322912060521e-03
6.091072418006215905e-03
1.418525743103971060e-03
1.490922693754503925e-03
2.435898491236154761e-03
2.024658781508037464e-03
1.814103726517135584e-03
1.826074671227084778e-03
5.373380696509166832e-03
2.340148072076941865e-03
1.154816538984348995e-02
5.216584567072302114e-03
2.461018081535870650e-03
3.287296593560751212e-03
2.936805905829897867e-03
8.328112772378992723e-03
4.528920271448799717e-03
3.567316040353318840e-03
1.155028994542450782e-03
4.701487613690269463e-03
8.945010636408401439e-03
5.365870301451081126e-03
5.665079588384802634e-03
3.222382875419205206e-03
8.752137959125994016e-04
1.127610303298776095e-03
1.157235340250362121e-03
3.379118701634209465e-03
2.245697126903811736e-03
1.427794067133536515e-02
8.982369484429320039e-03
3.979680378502492566e-03
2.531378662496530652e-03
4.284643813253108391e-03
3.731920868131122226e-03
6.046596636654522072e-03
2.400232268143787095e-03
1.840585724212195906e-03
2.478600668683106356e-03
1.373370070150481403e-03
1.983642049406597607e-03
3.677189771767785942e-03
8.617837594339761154e-03
5.499353718902200150e-03
4.281213229499924999e-03
1.371038033583404925e-03
1.327427465961927844e-03
2.674581108676798991e-03
9.850956762982310266e-04
9.810513592544145567e-04
5.678993546517352442e-03
4.902993933670662940e-03
6.081742974622383890e-03
1.021382014072769184e-02
1.381509899725519297e-03
2.102934795937705381e-03
1.205650208391029210e-03
2.488220117050521374e-03
1.377859962884642187e-03
1.837315213800150282e-03
2.040309033347176282e-03
1.035452350418131218e-03
1.727341604090160132e-03
7.123333744951665381e-04
1.061598647789430139e-03
1.018184722159309885e-03
9.544688640765741638e-04
1.691842053263670209e-03
1.266974413955512802e-03
1.059170925445274136e-03
1.109624146339527329e-03
1.914644702706413959e-03
1.838176184944639857e-03
1.239238238839757145e-03
2.562357971689688263e-03
8.649322143332582868e-04
1.886592700330980144e-03
1.157860703277280301e-03
1.184367246327644452e-03
1.399547005554557799e-03
1.365503996953565391e-03
1.215429267293344218e-03
1.069880052775640245e-03
9.496362295164928469e-04
1.453128224027211424e-03
8.890435278803288099e-04
1.396252729731095599e-03
8.988399290270621123e-04
7.101226909489444239e-04
4.859821663391050706e-04
1.614379178894620459e-03
1.363051221630828813e-03
2.368901655479760393e-03
2.419538994151704259e-03
2.423604751021546377e-03
9.252260505112630540e-04
7.971318510981983962e-04
1.973657504397707818e-03
2.380581099177381255e-03
2.070905396535316356e-03
1.574978064067367178e-03
1.892895488120105441e-03
7.102854849948547766e-04
9.658834464824073152e-04
1.604665069225741370e-03
1.112494570771005442e-03
1.284685558720632947e-03
4.935083808033535746e-03
1.461767892321552686e-03
2.177032914678744824e-03
3.527986202455868359e-03
2.507110946744717239e-03
4.084965219479430587e-03
3.353057258128289142e-03
4.425392582691700660e-03
3.961365115847104157e-03
3.067067522688149417e-03
3.481692683060200189e-03
2.120753942152386884e-03
7.627983818285777318e-04
8.322511412454103308e-04
1.307108460552153240e-03
1.259131350859088450e-03
1.328924277070320237e-03
2.153702881587227225e-03
1.213760472499769705e-03
1.194876016198387347e-03
1.667281165256051523e-03
1.802497920560752753e-03
9.558188391330935119e-04
1.066573121792369072e-03
1.088104283335944444e-03
8.316439467477287906e-04
1.314719894007221335e-03
6.825889946238117290e-04
1.528111109583063509e-03
8.142526385233050945e-04
3.086866356957762569e-03
1.072311288171645671e-03
3.692083112348254481e-03
8.086805553872977725e-04
6.816859087634963288e-04
9.591950965035511700e-04
9.667796880640233681e-04
8.821235956419926083e-04
5.737838102782832905e-04
4.559589628065907618e-04
7.806261417635518285e-04
7.386394560834341760e-04
1.248816065645752538e-03
1.036053112354884398e-03
9.806204918459959785e-04
7.908341091795723088e-04
1.358362778079991173e-03
1.011005342221649173e-03
1.149893616964936527e-03
1.008790643950985277e-03
9.278158743679654208e-04
8.225964901109605876e-04
8.564458415607489883e-04
9.418602903220607558e-04
7.386349513560985791e-03
9.595410492945211089e-04
5.622622910469554647e-03
4.563704270769797233e-03
1.211862848061739939e-03
2.235859085550795378e-03
7.873731279458562327e-04
1.174709947436958224e-03
7.888840947141151361e-04
9.069265864359854490e-04
6.131427831176372578e-04
1.228851705794786753e-03
8.692470777875715982e-04
1.288036157760963363e-03
9.473152143403273939e-04
8.818591689593313632e-04
8.439027741095062041e-04
8.360466065517879741e-04
1.383886393474975662e-03
8.916298008916356821e-04
8.836642410705586315e-04
1.352415117143013212e-03
1.777858790284359003e-03
8.640349861283036503e-04
9.929576849821986073e-04
2.035366262397531045e-03
1.331976452069838501e-03
7.653650001701040040e-04
1.142364532041417746e-03
2.961255316562216855e-03
8.695243317324852228e-04
8.519377681434070482e-04
1.415349034914914483e-03
2.095840573455576283e-03
6.653787227702601115e-03
2.908392959980798942e-03
2.770366270370416828e-03
8.893143375233170111e-03
5.868875754373115150e-03
4.308338468365646712e-03
1.344614152711809396e-03
4.198559042915106509e-03
9.048854627848879062e-04
1.978269238225638382e-03
1.128766065756181547e-03
1.449782671454236116e-03
2.590228430955021643e-03
1.369153651138099725e-03
8.953888641676233107e-04
7.730666916143658085e-04
9.536465036338315215e-04
3.281440430033422118e-03
7.870543281535136160e-04
4.352704832596754336e-03
2.924489207997926776e-03
1.728886659758788191e-03
2.222697731584233338e-03
2.720653732015798631e-03
3.927875235522071407e-03
2.482454876455486570e-03
5.303765715444330731e-03
7.541778225782502787e-04
1.108043117880042061e-03
3.026573307159829973e-03
7.591867902886573205e-03
5.641502976165835292e-03
5.459293073023507858e-03
1.213484078909032871e-02
3.222558841265210638e-03
3.140107289228200038e-03
4.002356776576787567e-03
1.561671775451523025e-03
2.700126461034568770e-03
1.143384134320468704e-03
2.619949054600279048e-03
5.787890770403203433e-03
6.111510579183243586e-03
1.755656275823302970e-03
5.492712234021479567e-03
7.599766228974180748e-03
7.067894475267011423e-03
7.468282152277572195e-03
1.512758802615588039e-03
6.925083459557335175e-03
8.121814192593168613e-04
5.938509990175866449e-03
3.826222129215572920e-03
1.866424053267312644e-03
3.212053243371260081e-03
2.659812526137672606e-03
1.487774437417654916e-03
3.132230935847468700e-03
8.092973869960773392e-03
8.180993841286898771e-04
3.505325754386445780e-03
2.672549805976087711e-03
3.853313796360224863e-03
5.940123551304465899e-03
1.106203293121943432e-03
2.252073493240525082e-03
9.513120550426190647e-04
1.632474712288556340e-03
1.049046133330677755e-03
8.539546931735086943e-04
1.021887882827199334e-03
9.357482597031063776e-04
7.347826926386025193e-04
3.104924621771143478e-03
1.032135600616101989e-03
1.853716036190000693e-03
2.051745448489628032e-03
3.680157576805176411e-03
1.022365636907496267e-03
2.481959086147011995e-03
1.569290099637354885e-03
8.458943304283650377e-04
9.160025441905528254e-04
1.527962992160292188e-03
1.323713735937537272e-03
9.580526272016109957e-04
1.319388788939224177e-03
1.301738470852575880e-03
7.679961109776645145e-04
1.292630562845675790e-03
2.331529637482621098e-03
1.123353393270076772e-03
1.034112841020840001e-03
9.026282094587445570e-04
9.962877633846733971e-04
1.219750028059740643e-03
1.239254274879697526e-03
1.500178577163890914e-03
1.210610132504119640e-03
1.136486496398636525e-03
1.261477967783530829e-03
1.115894591460775409e-03
9.484670135805339797e-04
1.536126178015906341e-03
1.185456320604960645e-03
7.895644101677534721e-04
1.095761740093403880e-03
1.504070364047538355e-03
9.062073778406953828e-03
4.020266999130495122e-03
1.627886992481175632e-03
6.524368205101938045e-04
9.805400198540370482e-03
1.819261345541889341e-03
1.724935541338679101e-03
1.072272339835755872e-03
1.567572638776271177e-03
1.267958033775218318e-03
1.592299768393568016e-02
1.205026793170915766e-03
9.655193908419956728e-04
1.358017125986821227e-03
1.001983232379100031e-03
1.403741612505116088e-03
2.342417904577787091e-03
3.157350778915546385e-03
1.716258226702516154e-03
8.559190090382529092e-04
1.097698830867077646e-03
1.263086455693396282e-03
3.463197693305386515e-03
1.376098198530684158e-03
1.369834247342827105e-03
8.325417332581963592e-04
1.037162088666776505e-03
6.872754971626315879e-04
1.116981896403967944e-03
8.911620211291548799e-04
9.527677315112059730e-04
1.338561344371713702e-03
4.948125045466378324e-04
7.073902099866691273e-04
1.569359819283744351e-03
1.130446092076464737e-03
1.355875134746997723e-03
6.685037642688573811e-04
8.114179421658818114e-04
8.393401866799710120e-04
5.750488988335300533e-04
2.168672085359424351e-03
8.272978266274932935e-04
8.459910979788931584e-04
2.757810907602853412e-03
2.266438117323743562e-03
1.522903875876835400e-03
2.450876896590181708e-03
1.546011860273477367e-03
1.587503632177855728e-03
7.246159468028423589e-04
9.211372950956864258e-04
1.276264368226476265e-03
7.752657500098569798e-04
8.201520527095773616e-04
6.101681842842765491e-04
1.368026473960393119e-03
1.693590612374951121e-03
1.051440359374100630e-03
1.808251240391078873e-03
2.680703793406014057e-03
5.417138954152411756e-04
2.307177400909576903e-03
6.571066264896563425e-04
9.654223263096950447e-04
6.815986863986100985e-04
6.606363948685745058e-04
1.745100175472691362e-03
1.861500344211730607e-03
6.023376806937319472e-04
9.026643290183100632e-04
6.515028932949640250e-04
1.213906887694737868e-03
1.033803130074728571e-03
1.608792973865180720e-03
1.006471057153346393e-03
1.484583574361764136e-03
1.561050352311688094e-03
1.183950005058109767e-03
1.879187916080216070e-03
1.060523566451587740e-03
2.465195401660347230e-03
1.346153226045587736e-03
9.167392443344413167e-04
2.018258576200304688e-03
1.190830547517007787e-03
2.083206497624723319e-03
8.333911389076797960e-04
1.199485635160146835e-03
6.463090118711267706e-04
1.430953350488262110e-03
1.715223971539781012e-03
7.169519642863386721e-04
1.296139233909032740e-03
8.457534692742907367e-04
7.583923634150169235e-04
7.893706346335793711e-04
1.929089430522612503e-03
1.410938539979533779e-03
1.341606603945111331e-03
9.731614359719253926e-04
1.115606194427742892e-03
2.920270675432656837e-03
1.046710354419833067e-03
7.985825744215580002e-04
2.169230850867287508e-03
1.799229388588452494e-03
1.368921854744575839e-03
1.764729702238398978e-03
2.112510114004706452e-03
2.915948483997010676e-03
1.465503975905724232e-03
7.807872519837166791e-04
1.484387653377661209e-03
2.484524138518295899e-03
5.677388298604757466e-03
3.001969077799038210e-03
4.556552426431381697e-03
2.193319689328898647e-03
1.809790529440746809e-03
3.166006093029083424e-03
1.492252216002687426e-03
1.245630582915824291e-03
2.761757395524866432e-03
1.302395715036874790e-03
1.955874419840242240e-03
1.013949126067226203e-03
2.921450809593939546e-03
1.772678671691063634e-03
9.455670686162598315e-04
3.256507093495897287e-03
8.151188094824846075e-04
2.995111511846726415e-03
4.661138641248507852e-03
1.380947538450416623e-03
2.467463659766910844e-03
2.854318273587397314e-03
2.849238509259888197e-03
1.133022909285630320e-03
1.893397455413836639e-03
5.896095035827775277e-04
2.945735600339394189e-03
1.539321839835405825e-03
9.336827104041711678e-04
1.769323449038462392e-03
1.094188805786489027e-03
2.138311611560750336e-03
1.643423332158389094e-03
2.083157522004053241e-03
3.738741581628457489e-03
2.135278307777377371e-03
1.070062614448197280e-03
2.761296028449100604e-03
1.156955583290097955e-03
8.144537162516618523e-04
7.576219893312696740e-04
1.406302266199754847e-03
2.604884359890924372e-03
7.379899577830695279e-04
3.042023614994837644e-03
8.877218541853970635e-04
2.468766203477246179e-03
1.441853971176576543e-03
3.031688205509031064e-03
1.154253937954652365e-03
1.293099357938198857e-03
1.044029653110678524e-03
1.711334620258186945e-03
7.372135341860985847e-04
4.509855963487297004e-03
1.456228697364836400e-03
2.391508833743283269e-03
3.938984799982003793e-03
1.725076892880927915e-03
1.795328700982534720e-03
7.231974307343458364e-04
6.756373313498986732e-04
3.003539319799908291e-03
8.629157779687091079e-04
1.008100941193634803e-03
1.191614777042104834e-03
2.368090381003828959e-03
8.737363227764305407e-04
1.932848664532360594e-03
3.492333112003365159e-03
8.951464893388605404e-04
9.758997617670406299e-04
1.289327719346755607e-03
1.633635124078325340e-03
3.456735912983344150e-03
2.209414232969719727e-03
3.110787359350775105e-03
1.044619127196555475e-03
2.302523465798955726e-03
9.806434297104926756e-04
2.958869983466283493e-03
6.720789776966107354e-04
2.376106576862269115e-03
3.112152204449825099e-03
8.583606064533899627e-04
3.823827952714076162e-03
3.893485503140614590e-03
4.533857879435387872e-03
