1.452903021596840816e-03
1.164363477293317573e-03
1.478691822673572354e-03
1.601810360524980048e-03
1.613523177710796119e-03
1.674188137522292230e-03
1.220696233744211767e-03
1.630768246742353433e-03
1.934253473081293251e-03
1.278380756340125046e-03
1.168232526036594443e-03
1.542629895971647791e-03
5.366661923854598726e-04
4.254582775617965495e-04
4.787352281387935449e-04
1.299859008689008277e-03
1.321608093005299800e-03
1.446672982307384281e-03
1.046287137002721579e-03
7.753231524283421550e-04
1.331118220425642207e-03
6.409917547477439470e-04
7.011516948901563850e-04
1.012350360146352379e-03
6.111119599573333616e-04
1.214745721378585053e-03
1.328728624666042357e-03
1.188335904977799728e-03
8.080551693105952893e-04
8.089336842146410689e-04
9.430474410792033524e-04
1.406586115149988103e-03
1.971117290693435997e-03
8.587912297429722841e-04
3.081453255976529526e-03
4.412228802903817027e-03
1.413211547774406718e-03
5.874120253525072499e-04
1.262261989563140396e-03
1.814989968422109357e-03
4.089558528993064712e-03
5.163620156225401381e-03
1.849409169499161010e-03
4.735082047185645848e-03
2.539950341585828220e-03
3.970185025030659176e-03
2.051847025762110199e-03
1.467197586181745450e-03
5.824299651759123897e-03
1.491854835771078136e-03
1.424550967221493991e-03
2.045869087755169957e-03
4.917231885641415445e-03
3.602954213801079497e-03
1.275512681417234617e-03
1.098445745695508791e-03
3.698994488277262960e-03
2.646213092552085477e-03
2.460625517528458595e-03
3.066984238332848278e-03
2.936964274535602826e-03
3.781079007624477129e-03
2.037538771802016591e-03
1.677446114247693743e-03
1.383541784494513038e-03
2.895474470522074739e-03
5.932468169483895437e-04
6.960341443411621754e-04
7.005917641383918593e-04
3.767170432510291711e-03
1.302673373187346328e-03
9.295700032166509530e-03
1.061495216841401579e-03
1.120591271145499057e-03
1.127686765062807517e-03
1.240424639428860942e-03
2.974314909108821681e-03
1.359398131484335082e-03
1.359426122294893347e-03
2.387525119158961928e-03
3.414179198606981380e-03
5.678447254212071194e-03
5.684651334092127861e-03
3.659854398425754773e-03
2.973326745342008692e-03
9.694088650610055424e-03
1.090210376542222193e-03
1.524821973156953447e-03
1.538797287669702030e-03
1.066555379653499891e-03
1.488756516599187840e-03
1.375209574116853517e-03
1.491325252779174271e-03
1.577150763594770133e-03
1.181294420796730194e-03
1.774290480794471492e-03
1.374883209883770441e-03
1.462098575277126500e-03
1.173403856265409217e-03
1.674429689648371244e-03
1.419394527805928341e-03
1.492485625260830950e-03
3.051962257960227909e-03
9.738130380131382324e-04
9.456562128702383774e-04
1.120619582399062786e-03
1.353149136778086792e-03
1.459701482448894083e-03
1.484515376237505180e-03
1.015872481228141666e-03
8.603271296020453818e-04
9.780782357888817558e-04
1.498573461822028108e-03
7.918282268257748058e-04
9.564692820202003176e-04
1.131622998443715389e-03
1.126763859746304774e-03
1.052713776995894968e-03
1.087409946281647777e-03
7.347882991660670271e-04
5.033824868998504343e-04
9.121723202636378147e-04
5.849523359185981874e-04
1.218447599296013095e-03
1.881227315723599247e-03
8.116901580931257243e-04
8.941004880622660522e-04
7.380616080985280547e-04
6.261553438712263997e-04
3.517728571114320246e-03
2.675251011433288362e-03
1.590529648199168200e-03
3.133415666929817434e-03
1.901663728499758399e-03
1.295135480735232214e-03
1.945266757591213036e-03
1.669461953778150765e-03
2.431278639325018531e-03
1.953986670671148396e-03
2.136801798365284277e-03
1.150731734967935793e-03
4.335568347859419802e-03
8.728722603871252872e-04
6.117479399441516641e-03
1.212105757772419246e-03
7.598146409478312435e-03
1.580842231499013373e-03
3.605454389146944827e-03
1.594244689772872370e-03
9.799289898295704404e-04
1.809752861464453133e-03
2.354877135954835943e-03
1.733143215965071704e-03
2.121558651160038167e-03
1.927495765905451464e-03
2.692848680814208251e-03
1.581486356393324577e-03
1.263046804243606047e-03
1.569878809420055532e-03
2.322702502516649226e-03
4.914166059345470572e-03
9.173149614053466294e-04
2.703287788672570358e-03
4.959865421273357278e-03
2.080751676695413721e-03
3.911459094287694782e-03
1.299890089202837551e-03
2.265491176867917567e-03
2.180187550940515528e-03
2.754495928256495141e-03
3.150710417391566764e-03
1.367126859188672050e-02
1.024283820646787468e-03
1.606591238618615414e-03
4.815230723767438548e-03
1.936282826700552739e-03
3.239239626228518354e-03
9.127124106904638268e-04
3.804446852911480548e-03
9.007566400870414824e-04
8.530726115610898219e-03
7.213057702002312332e-03
2.780071932819150327e-03
8.050007204153386553e-04
1.200267215843486834e-02
1.255865034901715305e-03
7.671019664479916678e-03
3.683612074673936476e-03
2.078046098114127993e-03
1.478061979179101648e-03
1.199234343332022945e-03
7.316239329639984135e-04
1.862875673800168386e-03
1.998896839529695768e-03
1.287950159819528650e-03
8.680487554539872974e-04
6.560212680531973817e-04
7.371404296722117166e-04
5.986672090977585015e-03
9.085548378451546725e-03
3.027710821194684598e-03
1.104086634314116466e-02
9.009455869170013287e-03
1.205483602307744206e-02
2.610950991026483869e-03
8.848830599806900565e-04
6.677870608678859732e-03
6.818715526404339755e-04
1.029635048891419657e-03
9.537545416704595880e-04
8.492501654405071321e-03
4.989504413763889978e-03
8.747366941391443440e-03
1.192647457548878798e-03
7.901417367752738841e-04
1.912399853483015555e-03
1.922414268277550242e-03
2.628634915940342154e-03
7.922234495970625900e-04
4.167374809277424319e-04
4.617686375209650862e-03
2.288067035953300632e-03
4.893574827767865898e-03
1.694100094328021555e-03
4.212446095124056100e-03
1.864392421936811317e-03
8.535181739028896430e-04
2.249507808119499686e-03
2.570796502391781146e-03
1.389826418568329558e-03
4.695067448050926906e-03
1.508507828700711428e-03
3.763472167545356406e-03
2.476813854172865703e-03
1.747090263021222611e-03
4.780076854383641383e-03
5.023942672218062455e-03
1.428128344706847130e-03
8.757272220578649069e-04
1.641893389132009773e-03
1.250179482909508089e-03
9.377746543356435538e-04
1.361315523982331577e-03
9.887096703506959017e-04
1.272592549608653201e-03
1.714868587067819306e-03
1.363090706179459488e-03
7.709564026757709243e-04
1.362177961143351546e-03
1.118654309066990926e-03
1.284420910323547105e-03
9.258677352512734160e-04
1.165075946988336497e-03
9.663414823918303753e-04
9.439434244030708854e-04
1.389969761407150450e-03
1.842855354677097601e-03
8.920999565001919152e-04
1.530310549275770704e-03
1.125901112783989078e-03
9.283319555218882968e-04
1.014380609632881125e-03
1.120942427579540990e-03
7.969737289043044015e-04
6.986239884196998595e-03
3.000137493376353603e-03
5.978105633235863969e-03
7.818630028726403225e-04
1.077610249361260486e-03
9.373187533787685766e-04
1.222977238503619724e-03
9.774310141504871652e-04
8.399098624967127336e-04
1.482856646458419192e-03
8.714509823936955613e-03
1.372359467779860065e-02
1.196509346509833094e-03
1.585868130389966879e-03
1.114343402516482229e-03
7.711237388711156271e-04
2.115602219368240000e-03
1.078111083843480422e-03
1.030359387606427646e-03
9.530291516077760150e-04
7.220379754962813479e-03
1.324472201567727936e-03
1.422724351952120436e-03
1.578116901012838191e-03
8.111905160289589745e-04
6.383062944105288850e-04
8.842635684722655043e-04
8.787852179124033825e-04
1.253748036758040030e-03
1.691726785900016239e-03
7.396100196489507894e-04
5.475588872125847217e-04
4.186745033829541995e-04
1.055952684678951314e-03
7.044023590279113733e-04
9.108438299064713917e-04
5.392990418889853643e-04
9.789268963329433859e-04
8.248928804698296702e-04
6.326698344375492056e-04
1.657836969491954804e-03
2.549089952883387689e-03
3.436132835910932215e-03
1.310431466051587002e-03
3.332153641503077246e-03
1.832558969440456487e-03
2.140120862798355894e-03
2.747254998163417561e-03
5.981469372203784829e-04
1.473432399041740837e-03
1.728377258144231376e-03
9.764859603894615603e-04
1.248614213069210166e-03
1.360276736941612441e-03
1.445544613313254345e-03
2.259514079292812561e-03
1.362930448111421278e-03
1.917215523917659148e-03
1.818815842710597153e-03
2.268867136963170772e-03
1.436668707104016285e-03
8.409827267500391557e-04
1.514629454446025925e-03
1.575464102054224824e-03
2.095650323068465326e-03
1.224722747353967911e-03
1.387719708595525070e-03
1.748026387058398967e-03
2.669105626167622702e-03
7.627089869831626956e-04
7.413484217601018500e-04
1.831766774469389958e-03
1.818739782209588540e-03
8.732650707455880124e-04
7.397737610511656570e-04
8.592176138095819482e-04
9.736969478709722736e-04
1.295558048294287445e-03
1.884390101375310600e-03
1.263073832689642906e-03
9.544941609427315399e-04
2.084849497847152122e-03
6.683231220047103349e-04
6.991855590871010051e-04
1.174648025739744028e-03
9.406231107185192286e-04
1.348606780709582509e-03
1.523158442576555416e-03
1.811089450164393710e-03
6.761656739169286112e-04
7.552605536547130072e-04
1.371679284882354466e-03
7.415287749688026508e-04
8.656247184715137877e-04
1.063364066995586832e-03
1.439883520498397296e-03
7.266987918933542900e-04
1.681016535095003483e-03
1.389748561297365903e-03
1.572206021146493882e-03
1.872504289519127951e-03
8.669130035161565218e-04
1.792657444339762485e-03
3.226509296889612521e-03
1.340773928273919502e-03
9.444985251345627830e-04
7.307474380285894355e-04
8.224344158584973030e-04
7.855392283272477627e-04
1.765622997502824809e-03
6.897646842753957230e-04
3.438514242517842767e-03
8.560415844446334077e-04
8.474120691251973980e-04
5.449816427403719743e-03
8.621850977565959084e-04
2.206762214022384150e-03
2.839126894855215077e-03
1.939626905263613921e-03
3.473202289287158351e-03
1.097548359225153369e-03
1.190349708112936611e-03
2.201903670350779940e-03
2.399063924718669583e-03
4.626809013669297421e-03
2.068269029469327336e-03
4.922415317673567436e-03
4.015649087885098112e-03
4.629556955647928795e-03
1.982122949930720246e-03
2.470568405088080510e-03
3.241725129522587956e-03
1.673069606597410441e-03
3.382977425443800534e-03
5.144196734618966538e-03
3.358809963868392146e-03
2.010142010593685136e-03
2.444056627628476974e-03
2.049144583290085642e-03
3.123073751231442152e-03
9.559244331033278641e-04
3.438084219404280439e-03
1.024841528535769264e-03
2.867471900494855674e-03
4.654121310724179672e-03
1.903212779106655539e-03
3.174534051139765722e-03
9.530779360054086879e-04
2.003993188326891328e-03
5.153459753780231800e-03
1.150709726565168900e-03
1.836664683639299689e-03
2.103422300530732869e-03
1.299248161177768424e-03
2.189810724278928866e-03
3.455624138998913963e-03
2.882246572877500412e-03
3.499028432775941333e-03
1.222020140812185574e-03
2.921115724606515585e-03
2.090509942373142138e-03
3.607429895154834476e-03
4.425906512058208619e-03
2.701632706778367421e-03
2.559546140917690060e-03
1.320473419443857210e-03
1.400522598828723986e-03
3.778486966975802552e-03
3.296039015810214856e-03
2.648484120997385283e-03
7.389388230099047661e-04
7.229423570814796918e-04
1.362214892344892903e-03
4.267616519464167979e-03
1.072473386160788245e-03
2.897536251977528288e-03
1.631141937194713343e-03
9.241991232763480113e-04
1.414450899115293758e-03
7.379345648161894644e-04
5.035536360696091229e-03
1.014410920450958820e-03
9.771010557761972137e-04
1.293320438205403100e-03
3.449608301868800631e-03
2.179266339607854874e-03
1.934125315601553652e-03
2.039865489674830279e-03
3.093557266923729898e-03
1.891352957204106566e-03
1.181429099508912728e-03
1.597184849392641048e-03
1.137022748298854857e-03
2.068312263564409115e-03
1.235815542556695235e-03
1.067301666828557316e-03
1.150438692727795420e-03
1.069763121560374231e-03
2.183091868604547514e-03
1.808930440833078634e-03
1.878973869776867645e-03
2.035573430096415670e-03
2.609699761736083978e-03
7.682975332479191621e-04
3.463569292894819185e-03
1.005371356365247770e-03
1.365638747344077863e-03
1.631781620498595764e-03
6.699065512650870247e-04
6.215417459949357237e-04
6.156096021561197063e-03
1.179172612144285814e-02
3.298712651672475182e-03
1.613656331949653300e-03
7.373448921961678337e-03
7.217984990962822422e-03
8.752015982799066229e-03
1.035845679077085357e-02
6.695860476281012552e-03
1.095707493834352508e-02
1.370441255576726469e-03
1.301610506816319734e-03
3.443872813126303001e-03
8.283006419332883397e-04
8.687487030427876178e-03
1.447159157342947644e-03
1.160171798138542876e-03
9.489170485813325229e-03
1.234896343320168732e-02
1.300453538947965448e-02
7.340482558896521681e-03
1.112340339689876778e-03
1.261148221377128564e-03
1.215064469479498754e-03
2.385772847458333956e-03
2.105199169879279353e-03
2.401747876931592529e-03
1.298775436267440853e-03
9.793857195867783361e-04
1.403060246759735286e-03
8.075368226911905367e-04
1.008300642912796086e-03
7.518172422040780845e-04
1.674378200017478946e-03
1.686428763336356162e-03
1.199672731781453727e-03
1.263759218021021091e-03
1.140648109842046232e-03
1.191478572808324365e-03
1.503070462718358868e-03
1.022562863516984777e-03
1.924936562534229623e-03
1.771517180000459213e-03
1.916013540702032891e-03
2.082225425432238097e-03
1.530871289505908450e-03
3.138487770327103021e-03
2.951921712745830817e-03
1.418108288318786769e-03
1.387114576616776951e-03
1.241973438197874202e-03
1.067156528650192726e-03
2.062066772403059467e-03
5.263257855569136723e-03
8.933956453192060110e-04
8.285521259538963790e-04
3.021714496329486188e-03
1.369296967168920354e-03
7.688162432918366207e-04
1.080137812866310831e-03
1.266234131113153083e-03
1.298549928013370547e-03
1.341164903225777749e-03
1.531739835262224680e-03
1.219533125944805008e-03
1.076608582273541614e-03
7.836773889676740268e-04
1.028462877182056978e-03
6.242612389183443966e-04
2.049154855268686681e-03
1.099069596889767908e-03
1.751118001145357539e-03
1.577115910173065849e-03
2.071214374800622871e-03
1.901141716853960162e-03
3.521207697385619895e-03
1.612601935098045836e-03
2.847606960281967581e-03
3.308992269829058586e-03
2.808996724516843457e-03
1.750061226055588115e-03
9.967293244680375253e-04
2.794283871905833827e-03
1.599182181172054129e-03
2.301919908706206996e-03
7.319972375645633633e-04
1.711575600453096868e-03
1.580511177974086579e-03
1.168964769413638471e-03
1.990968459143149794e-03
1.131822378010127750e-03
1.455590388650729317e-03
1.263312674717131934e-03
6.541703701465895193e-04
1.044205902784978157e-03
1.339531865821030898e-03
2.251917320392093913e-03
1.246956750721062157e-03
1.364645693924360081e-03
3.514653151121760466e-03
6.100451447178301123e-03
3.070103076527552766e-03
9.449062337166802550e-04
1.221528426017415292e-03
1.140084461781154523e-03
9.323494840284274332e-04
1.686857892201687470e-03
1.023891722170988672e-03
1.964816788268430869e-03
2.182761759344176156e-03
1.769593365333221868e-03
1.201692417890476428e-03
9.543526846705896460e-04
1.273440506919687465e-03
1.774583981673960587e-03
8.932049477142767202e-04
8.576668872204429306e-04
2.377950774340331641e-03
1.909046570658823327e-03
1.242568697488510843e-03
8.123734242506674974e-04
7.639408222501753443e-04
7.553186017205115732e-04
1.023188279625442121e-03
1.119189458995029085e-03
9.709755404950781710e-04
1.357086986207622914e-03
2.451831649213809250e-03
1.957100309990300602e-03
9.037431667473505570e-04
1.002974130298373012e-03
8.393725509444616151e-04
1.025908736945746469e-03
1.063659045423492877e-03
1.273893348696208960e-03
1.387610738303624025e-03
1.169591096653821438e-03
1.424002415403413657e-03
8.982721568905338572e-04
1.079319372220277629e-03
8.987127806558969922e-04
1.008649700569574925e-03
2.432569200392142861e-03
2.333949169320503891e-03
9.331444585254367041e-04
1.956150122248700995e-03
1.767502788469599295e-03
1.000358949875934655e-03
6.704486943595044934e-04
2.992284341042261708e-03
1.256322694492939540e-03
1.575324354609164423e-03
1.247914074422151742e-03
9.470168906656750707e-04
1.452611171637863130e-03
1.632294866627526098e-03
8.829168595014813548e-04
3.432862056308105814e-03
8.948721427348704793e-04
8.784119968807679868e-04
7.301699893655921869e-04
6.490764981731400596e-04
1.215352555064774798e-03
1.771980388588390021e-03
2.670045864414549719e-03
2.503021934053273334e-03
2.213744404043094249e-03
1.967194174352648872e-03
1.851634205404018019e-03
1.871290834425387573e-03
1.236271001569977379e-03
1.051783702444297752e-03
1.050764806930892803e-03
3.116301556443268339e-03
9.673415440052401948e-04
7.569395153289582012e-04
2.278880766338420294e-03
8.500156963114902098e-04
1.474710168669846055e-03
2.394987444863105885e-03
1.104487703828760381e-03
1.121585325189133897e-03
7.624583377726645850e-04
1.502206786600290833e-03
1.377063119190946594e-03
9.958539391312637434e-04
7.319635306415328557e-04
1.310378468585837730e-03
1.414211136391285706e-03
6.596568816190639950e-04
1.108918441749762174e-03
9.696535287387897384e-04
1.585806649308296734e-03
8.337486058932475075e-04
1.016768969281045543e-03
9.789739461283364363e-04
1.278942758390244627e-03
2.091394883833475049e-03
7.825237107713656215e-04
1.171260208158164673e-03
1.109118475890125133e-03
1.853796452507827652e-03
1.354824885076655328e-03
1.817890084683471130e-03
2.344284408188124225e-03
2.147988996555438845e-03
1.483966937099401306e-03
1.216940988631898257e-03
2.584917569703581997e-03
9.463794845074868789e-04
1.633517162261122202e-03
2.360249332938213485e-03
9.527955257667697353e-04
1.061966586949125713e-03
1.085960164566524000e-03
1.222122918934198665e-03
1.354580182031939195e-03
1.135635092818332303e-03
1.268283516611123929e-03
1.062932845094621825e-03
8.773649884754597394e-04
1.649184893200872359e-03
9.359073721471045104e-04
1.127726321115907204e-03
9.080629981635945924e-04
9.008712142225538955e-04
1.522276510814934980e-03
1.483524194859198175e-03
1.000377894805559720e-03
1.044002251266107351e-03
8.328761703279008444e-04
1.133941860107401389e-03
1.989865547418978586e-03
1.776244788434078181e-03
7.771756212944236353e-04
2.555745268035813922e-03
7.819603359999760528e-04
3.224142665022022847e-03
3.037697188839283413e-03
1.001823149487268694e-03
1.056287648054987649e-03
7.648903190353717463e-04
4.599324512328695214e-03
1.238728596231974954e-03
1.107712449957287681e-02
2.690329127950641386e-03
2.397853307674502332e-03
1.087438851267052975e-03
2.052536850282282721e-03
8.943376113398349148e-04
1.182917867241672916e-03
1.007846539864742930e-03
8.394208364007615941e-04
1.040713128456105530e-03
2.273049467837462423e-03
1.645996571674968045e-03
9.914193184294983752e-04
9.856318485618187353e-04
9.428671796412047001e-04
8.364359714170266358e-04
1.091048057546228911e-03
1.480045858519241087e-03
2.497743853209000164e-03
1.273965638316942872e-03
1.456408273483811300e-03
1.573023917429083873e-03
1.006514110741041357e-03
9.859352612846539188e-04
1.128384051548469991e-03
1.045316938218299185e-03
9.113075345146270934e-04
1.291241394389852637e-03
9.437423404453637588e-04
1.714926020351614788e-03
1.324693043185165564e-03
1.912174792801590861e-03
8.844688427110947160e-04
8.192749589271963728e-04
8.702078429289050732e-04
1.996348738909414777e-03
1.968894867646175939e-03
1.149785740481079621e-03
1.340564633558027907e-03
1.112693313756296654e-03
6.397424625685932398e-04
2.140031014713938973e-03
1.931704116825416762e-03
1.610616118485896919e-03
1.977839567198880211e-03
3.090498415410758426e-03
7.487166458267635605e-04
1.658753851043859306e-03
1.107497614971975075e-03
2.383764316401970618e-03
7.405281535036722929e-04
1.132669033863553665e-03
8.833662251781504438e-04
1.917374887429490471e-03
1.828504256210061740e-03
2.434370409148955972e-03
9.671247304056107552e-04
1.226838360001036854e-03
9.525135017907082613e-04
1.074488491726977024e-03
7.903035871572594573e-04
7.019259938593203074e-04
1.519306302910861106e-03
9.030190906696988762e-04
1.346631757821903363e-03
1.945672894532957109e-03
9.931987875043679637e-04
1.804790169594228111e-03
1.144130676276167158e-03
1.158095655573343485e-03
9.404720444979863814e-04
1.186743160722092405e-03
1.944691333919279508e-03
2.182029219361614203e-03
1.329216466228633209e-03
9.929001418380600796e-04
2.565726435352688739e-03
1.116388881613472606e-03
1.595217278357541346e-03
2.820443892378565742e-03
8.318654562935456909e-04
1.659779202907163409e-03
1.074356087688022043e-03
8.934426614530810440e-04
2.267116245495137683e-03
9.109336473097973119e-03
1.087794756739368651e-03
1.082762742327436634e-03
1.483675565437381216e-03
3.490248064441092701e-03
4.122772904118110482e-03
2.669099224318016716e-03
1.110382419924338393e-03
9.849959739037794648e-04
6.189954189861346379e-04
1.330861325623877711e-03
2.445358197869285100e-03
2.491946566406944008e-03
1.698557417635693234e-03
2.814373365203515220e-03
1.473365311794871957e-03
1.840857573897403121e-03
9.838099652503817794e-04
1.458146433888751758e-03
2.032469876452780433e-03
2.820338762939855748e-03
1.987164952291231579e-03
2.675315121767662951e-03
3.014794840853540769e-03
3.741945763996890051e-03
2.565713553273396563e-03
1.448508169158091441e-03
2.699960336945861350e-03
1.452665728379098908e-03
3.526805685632461440e-03
3.519413836135631968e-03
1.086746036788932557e-03
1.283029934206258993e-03
5.418142378768031620e-04
1.597711281539515582e-03
9.132375482449051063e-04
1.075013175926176068e-03
3.510316948958980277e-03
1.291716013320787226e-03
1.467541194742794097e-03
1.172140996547610392e-03
3.842628271962356123e-03
1.752701872618112056e-03
1.854787646929478839e-03
3.332979405674119100e-03
1.175082148316630715e-03
1.796651527887105360e-03
1.515293578637999516e-03
1.693858662243807878e-03
7.684251132578090449e-04
8.367712859622677968e-04
7.521414373504731188e-04
7.743029493911812722e-04
8.096529353401882290e-04
1.471291515134920402e-03
6.200504503827919400e-03
3.038237717105429780e-03
3.421117882033364310e-03
4.534336349734768845e-03
1.889634756744085209e-03
1.658036731545742271e-03
3.535605132316321786e-03
1.894097512828651908e-03
3.333270550103462071e-03
1.259741648361623056e-03
1.549050934101514621e-03
1.396848421395535667e-03
1.393234079622995836e-03
1.671911647273538470e-03
2.295143754010076087e-03
2.575764529949675641e-03
1.115902821558822922e-03
4.266425573124954518e-03
3.073305755905919590e-03
5.931321395917787953e-04
1.959094612286826909e-03
1.108013259242146553e-03
5.633953655106438418e-04
2.679619232337393520e-03
1.556457877432193548e-03
1.022678138055232999e-03
7.000644534288502641e-04
1.041493453714514850e-03
1.052550597460566451e-03
1.134206915104463143e-03
1.412416188782961157e-03
8.088481307795269970e-04
1.458496252135010884e-03
1.129772490645830629e-03
1.809260547949942399e-03
1.356628165676831976e-03
1.106279488833905589e-03
1.827039059055124426e-03
1.100517232785813704e-03
1.463838587695609483e-03
7.863250524967613231e-04
2.387498216540162588e-03
1.586889132374480482e-03
1.503834087570488087e-03
1.326709969578065973e-03
1.689889690517976106e-03
1.492833448332508972e-03
1.654204454077934372e-03
8.273781736569674194e-04
9.142021666206368025e-04
1.020039826269303340e-03
2.684168707258405284e-03
9.949558432629235227e-04
9.836175176599626369e-04
1.404485222129880917e-03
1.091586026558011291e-03
1.452795558376518414e-03
3.789486341498893296e-04
7.280453171293332915e-04
6.158868219379165510e-04
9.640685968815843054e-04
7.750201628491382166e-04
2.078077796856758752e-03
2.060502429341415365e-03
1.903545022123087627e-03
1.944246211122657719e-03
2.469342744856106719e-03
1.123567485218468498e-03
2.652525059190780077e-03
1.805925433409993897e-02
2.775230109563264769e-03
1.210355056496581483e-02
1.918559105347539262e-02
2.083545284152332755e-03
5.622095341005217684e-03
5.177390863723374537e-03
1.742244794645464445e-03
1.655166284991937964e-02
1.001380523659511912e-02
1.858075347596188642e-03
1.987177139043061480e-03
1.661236362478391015e-02
2.388620236421279408e-03
5.365675417377979706e-03
1.890508028032256149e-03
3.390987754891772177e-03
1.431522635316873071e-03
4.501833586131986920e-03
4.576361134486117699e-03
6.394915605583806339e-03
2.602431554723505513e-03
2.139414411251316928e-03
1.685531899645487108e-03
3.268622210064076050e-03
1.088722103784967032e-03
9.381374865773395300e-03
1.522436903851565049e-03
5.346520534968868255e-03
6.145383128362991165e-03
2.812281512660552707e-03
6.016399149638362864e-03
1.316840798549068214e-02
6.018389035613247451e-03
2.426364123167878972e-03
1.389922185007652633e-02
1.445357082557996442e-03
5.258842976659683366e-03
1.916129682054457106e-03
1.407325696322270225e-02
2.016111481342319767e-02
1.689922494049200807e-03
4.938271103243518922e-03
4.800205073725360982e-03
2.037057204910208696e-03
8.306184398101712496e-03
4.181486056852756761e-03
8.486983905021894259e-03
2.579011729896385496e-03
1.384842277757925011e-03
8.037624824005940027e-03
2.232657598882026306e-03
6.671353392340817479e-03
5.593474619193350428e-03
2.866756243947166105e-03
6.595371125456939154e-03
6.890418762154348897e-04
8.414950400947418530e-03
7.510938146507939450e-03
1.041717120488605541e-02
2.576281177304018399e-03
4.309381567075276642e-03
2.168993417088094233e-03
3.292233628860441463e-03
1.417627637566587495e-03
7.893722519512591518e-03
1.545474640133659427e-03
6.923112350055160569e-03
3.776974457463500023e-03
2.455245323470078844e-03
1.051443707684596163e-02
4.919361276573774866e-03
6.981607575085924111e-03
7.285548581981604599e-03
6.085663261147900016e-03
1.420466153622679251e-03
1.497687065283082042e-03
2.430829933781741836e-03
2.037784714596480029e-03
1.815441317160826351e-03
1.834821431533240066e-03
5.369664411099095425e-03
2.339461120457242416e-03
1.152907743073228186e-02
5.217022844084873157e-03
2.458814946801779477e-03
3.285964480088554573e-03
2.936574528564772635e-03
8.327755698930516814e-03
4.530060310933725631e-03
3.565095593752620751e-03
1.158295282795873682e-03
4.701014170024331307e-03
8.935450849438475451e-03
5.354080702979047146e-03
5.644388360116270320e-03
3.226894218418152604e-03
8.689607840873803113e-04
1.130019728157072301e-03
1.158483741502402964e-03
3.381714740299801569e-03
2.245501910789982070e-03
1.427266097684931623e-02
8.986023509168994394e-03
3.975064473573541868e-03
2.519664769869645049e-03
4.265826497442337661e-03
3.721862564545319607e-03
6.045169828618690566e-03
2.398049344487507284e-03
1.843844779579106863e-03
2.470156311027649210e-03
1.371095098464669704e-03
1.975124168895336929e-03
3.674951014287719531e-03
8.610281157651500372e-03
5.491064832721437305e-03
4.287684560889681862e-03
1.375189319325342829e-03
1.329535459201114378e-03
2.681836694708672475e-03
9.823686547488774679e-04
9.845374784005489488e-04
5.664608245955604637e-03
4.887827978563574760e-03
6.066329720714302987e-03
1.020363869392859613e-02
1.385056284656793757e-03
2.102065663535546136e-03
1.207212176139393911e-03
2.489391748082603328e-03
1.376239068177742553e-03
1.834809127954084573e-03
2.038968100294025199e-03
1.030999518485287147e-03
1.726405232316929883e-03
7.122427180790147361e-04
1.058186426738938479e-03
1.019614641497357255e-03
9.567915162319584610e-04
1.683386742474146658e-03
1.265509150668919780e-03
1.050151974817836731e-03
1.116828680793657824e-03
1.917083209551528888e-03
1.838214987893938002e-03
1.239658206641069960e-03
2.569449592351502609e-03
8.663703559350643957e-04
1.888659202532338988e-03
1.158911955831398721e-03
1.185751672656221167e-03
1.401716346810744085e-03
1.367826355186951837e-03
1.218667537734807738e-03
1.074860997292703679e-03
9.520694806224305751e-04
1.457277020014968727e-03
8.907336542550714498e-04
1.396216964766883173e-03
9.030076707629008936e-04
7.128811627904463322e-04
4.818400867190320014e-04
1.598847095501398918e-03
1.340878264080358484e-03
2.359406038681677309e-03
2.405926183244311289e-03
2.409713644129563015e-03
9.265480607038023564e-04
7.986387454854693146e-04
1.973971106400407294e-03
2.379374101933229291e-03
2.072157242916206066e-03
1.575286071158976675e-03
1.883967559258681312e-03
6.991770079457504394e-04
9.638604755654034406e-04
1.597121285972780136e-03
1.117243202129913904e-03
1.288813463251381464e-03
4.930602550473839329e-03
1.467643809061836002e-03
2.176289063103742372e-03
3.524474861512083557e-03
2.505966884446375609e-03
4.084905060839583157e-03
3.347220741802492405e-03
4.421464457583179630e-03
3.951832999028126459e-03
3.063329461347019667e-03
3.480463615032403091e-03
2.122833991841766021e-03
7.638305868008510302e-04
8.344021327711947933e-04
1.307609829389932976e-03
1.259785826591586222e-03
1.328622257533385032e-03
2.146032782993523291e-03
1.205897779961051519e-03
1.168343870849852806e-03
1.663059300952451913e-03
1.806352409093991973e-03
9.548144126381163943e-04
1.070104129126780990e-03
1.094094391824396162e-03
8.315356514725369408e-04
1.316672394798712453e-03
6.778104668525575249e-04
1.533021812975321474e-03
8.129940975293292738e-04
3.088350047560028955e-03
1.074964215221241304e-03
3.693403236525338862e-03
8.040344828721401882e-04
6.792297718329898260e-04
9.718447987853151560e-04
9.619711680326492598e-04
8.746823686783811169e-04
5.714071145455079659e-04
4.510420824219707470e-04
7.815335702234804671e-04
7.292823403578507779e-04
1.250565679333459634e-03
1.032413440529289517e-03
9.806195788550908787e-04
7.942549499708739802e-04
1.365205476436148757e-03
1.014144155835339234e-03
1.152563533148520669e-03
1.011154093758181993e-03
9.313263514563185907e-04
8.205579346217684034e-04
8.505132018080674428e-04
9.464450338295682386e-04
7.414029018836920670e-03
9.623410790364772538e-04
5.635280511666285186e-03
4.575268817064714888e-03
1.221920375539475856e-03
2.232436512574764720e-03
7.838486777982378584e-04
1.175381546899778584e-03
7.860568487788599512e-04
9.092178664253935949e-04
6.130917118202239280e-04
1.224914346951377908e-03
8.607565888765211781e-04
1.289814010662859722e-03
9.441263562570689771e-04
8.831597802257951102e-04
8.434476815354363666e-04
8.397766638809089912e-04
1.394132319558205602e-03
8.895432165729744156e-04
8.859708346317107797e-04
1.359787923872923798e-03
1.781238031269172239e-03
8.624083860577780314e-04
9.925246573931900684e-04
2.047437809049479362e-03
1.337972992690672491e-03
7.730297898078664076e-04
1.145289289659734422e-03
2.954055545193123855e-03
8.727701184856329064e-04
8.539054795871914294e-04
1.419185706864944940e-03
2.096066290674158950e-03
6.643434454114416354e-03
2.908077773073225458e-03
2.779317810013726131e-03
8.879941806166580243e-03
5.877059079496649296e-03
4.294654155967636555e-03
1.358141996822159747e-03
4.191179253743682054e-03
8.971766323632168749e-04
1.972718431174746989e-03
1.136024560353665613e-03
1.454957704554060705e-03
2.588561303046077455e-03
1.374789198119619194e-03
8.995179521966711889e-04
7.695388352619847439e-04
9.535413402039782937e-04
3.280497234771750925e-03
7.911817554582256662e-04
4.351900638335237659e-03
2.919515561224161893e-03
1.732193156682715340e-03
2.224086090475863031e-03
2.720019659668393430e-03
3.928710758646536405e-03
2.484155170926594103e-03
5.305242847214897139e-03
7.562788213264504122e-04
1.110362624243355079e-03
3.018951690592075465e-03
7.583065865846450038e-03
5.630248240232615942e-03
5.447547660522245039e-03
1.213396125959853578e-02
3.216284447346673403e-03
3.136796304804456703e-03
3.997306729402683168e-03
1.560645471146204777e-03
2.699141850252995134e-03
1.145297650201215767e-03
2.616837772481561686e-03
5.786984787846116696e-03
6.113325043438755380e-03
1.757036176637138958e-03
5.491439022860200581e-03
7.602660209156009152e-03
7.072845245100767286e-03
7.462211854292633006e-03
1.514356133058503140e-03
6.927712408285713330e-03
8.156373159028396103e-04
5.932380504270140520e-03
3.821029769196182535e-03
1.858924500133918301e-03
3.196242433623375234e-03
2.660950518198368364e-03
1.489030728019202776e-03
3.128874313948037944e-03
8.079199408093096224e-03
8.213702564866531830e-04
3.500511419438745442e-03
2.672772698164127547e-03
3.856430406356969876e-03
5.952190976967197678e-03
1.105922201365627799e-03
2.247905394988314320e-03
9.586398421914665846e-04
1.630175639338649063e-03
1.051038881965449256e-03
8.513262088893913671e-04
1.024481610603533710e-03
9.379454523873453908e-04
7.344233708150849083e-04
3.098931979615193733e-03
1.033922015324928445e-03
1.841127244359030968e-03
2.038676079353485271e-03
3.675928063701316972e-03
1.023490198964638331e-03
2.483810957954579735e-03
1.571931892641487138e-03
8.475228783506594255e-04
9.181591466591587647e-04
1.525584611065111673e-03
1.328265171498754782e-03
9.609195176862872501e-04
1.316203099207213789e-03
1.301750809973745149e-03
7.690182343708107382e-04
1.297274647096502420e-03
2.340635008014624319e-03
1.125291603031763898e-03
1.033451222556491800e-03
9.058848660838947353e-04
9.987328253808769318e-04
1.223014547586664946e-03
1.243814434286782955e-03
1.500604718939646531e-03
1.211690847241930769e-03
1.139434981162312788e-03
1.263969364030947951e-03
1.120381300153017179e-03
9.506941590660122898e-04
1.539817874316895541e-03
1.192285747866006496e-03
7.896843122637831058e-04
1.102619015116990120e-03
1.511103006142211491e-03
9.086535834588960192e-03
4.030793604009708098e-03
1.636118756979998423e-03
6.532698917374180070e-04
9.843339611794399424e-03
1.826279052014934123e-03
1.724884072115018263e-03
1.075798863955812479e-03
1.557198860840491861e-03
1.271089074061482194e-03
1.598255970081297050e-02
1.208083865613995833e-03
9.695565413966322765e-04
1.365395390184098723e-03
1.004440024626629402e-03
1.410095400815269961e-03
2.346888193533680500e-03
3.146674837579133133e-03
1.703591991599417987e-03
8.505542502993401754e-04
1.102056022206809871e-03
1.269208541667343759e-03
3.467802532232000523e-03
1.367638357645639680e-03
1.370215891587367452e-03
8.325368141709477143e-04
1.043216012324044151e-03
6.812510264344595612e-04
1.121710014627574914e-03
8.887630473798369124e-04
9.565721550178762911e-04
1.325636421313891589e-03
4.889109982518791142e-04
6.986489629179359895e-04
1.562853262573993263e-03
1.117590374649202190e-03
1.339374014898697673e-03
6.665502581894022782e-04
7.980181925282270328e-04
8.326010943916495322e-04
5.714219052395108633e-04
2.168337794636432392e-03
8.296608886442236042e-04
8.497168963387258245e-04
2.753149743276783745e-03
2.269879003368613368e-03
1.521771000746574565e-03
2.452619953381751650e-03
1.548875124580351148e-03
1.584404001073069779e-03
7.259444791959390741e-04
9.235013392790980546e-04
1.277085378675213434e-03
7.782178767481440218e-04
8.239033773299597740e-04
6.108489675413775188e-04
1.369576291967322668e-03
1.693568484243179739e-03
1.053153281608931735e-03
1.810944311490758629e-03
2.679517746700388336e-03
5.420805814634332975e-04
2.306203732808986828e-03
6.575438121469989738e-04
9.685017363538772628e-04
6.844273782644627602e-04
6.616154736752699606e-04
1.743730571182156019e-03
1.861645455738525357e-03
6.026077118725936543e-04
9.034638822871254860e-04
6.523046601603077477e-04
1.213820267354615012e-03
1.034253133156082249e-03
1.607692364207324864e-03
1.008032288202898030e-03
1.483207234079686465e-03
1.560810010913460388e-03
1.188462435818493645e-03
1.875342806252233707e-03
1.066782336123672792e-03
2.459105612539480568e-03
1.343270426391707240e-03
9.193073438668042385e-04
2.009767777078841355e-03
1.185837378479437376e-03
2.080750637572625905e-03
8.305624696821611863e-04
1.198990803178756614e-03
6.451994479216294209e-04
1.427065485562484248e-03
1.711006799500536246e-03
7.161257429185718948e-04
1.291383657537337193e-03
8.452041523602238371e-04
7.621361215511823772e-04
7.917195231950113765e-04
1.932764705936285132e-03
1.409650693389163933e-03
1.332874073900480738e-03
9.781588006405605995e-04
1.116784950062954529e-03
2.912897264495173388e-03
1.043073707519548421e-03
8.055037076495352721e-04
2.151943122158495036e-03
1.787532304844852149e-03
1.365306859395065686e-03
1.755413349403323053e-03
2.092326464184668389e-03
2.921292777027462151e-03
1.464299073386632344e-03
7.774959768387379455e-04
1.490062221637944440e-03
2.485883290693657877e-03
5.667769083897988835e-03
3.004684305074944994e-03
4.557694457038574676e-03
2.191107750228238338e-03
1.816047731309611279e-03
3.168530743502206981e-03
1.487995392870478106e-03
1.248650954497110277e-03
2.760666828618307811e-03
1.303718938311604347e-03
1.954347231436837085e-03
1.014610609011534770e-03
2.921752951591916059e-03
1.775874776774544195e-03
9.501275314672819050e-04
3.264817222806470909e-03
8.197003976551098248e-04
2.996225880462000113e-03
4.656531092738003252e-03
1.382825358009487360e-03
2.467447575871473120e-03
2.855774978967051680e-03
2.849149361431213556e-03
1.139611947057583841e-03
1.899057860067165926e-03
5.921266407227232520e-04
2.945703596510362843e-03
1.544377978911493088e-03
9.385726295509932982e-04
1.774069864607374925e-03
1.100074412987650518e-03
2.140876601912311550e-03
1.646110753049878639e-03
2.081514635820291836e-03
3.729711966000692769e-03
2.131359836624602266e-03
1.076578514235593254e-03
2.760664111180255453e-03
1.160597027015430882e-03
8.199961709149938827e-04
7.625262039365754418e-04
1.411596346256427381e-03
2.607818305060627395e-03
7.440430397102071325e-04
3.035413810605014362e-03
8.955369054088890834e-04
2.467838772128083669e-03
1.440590351050263784e-03
3.023797676951378577e-03
1.160157678228190825e-03
1.296940325172246666e-03
1.046505480852499836e-03
1.720988775951393102e-03
7.407412075989272537e-04
4.494951881681918948e-03
1.454890720432810980e-03
2.386550601317316556e-03
3.934785512846317168e-03
1.722697794026784024e-03
1.797682211278184283e-03
7.261361259528475998e-04
6.831074356836719375e-04
2.999035571788488674e-03
8.678976683729189290e-04
1.010689023763999828e-03
1.194061646986877001e-03
2.363957772736235974e-03
8.753988141181334726e-04
1.926473793059879647e-03
3.480218953972658014e-03
9.006958511152962643e-04
9.847660442388050939e-04
1.289904998793223179e-03
1.633545119199664164e-03
3.457110476905889129e-03
2.207420348709021596e-03
3.102177540097894592e-03
1.045436877922134578e-03
2.296230220229289465e-03
9.860584159813168270e-04
2.951698833402294220e-03
6.794832321214139270e-04
2.364279692342541317e-03
3.099229147537352347e-03
8.635012145135068096e-04
3.811883101498492188e-03
3.873028887683038768e-03
4.510460799694970824e-03
