2.368964832966113931e-06
3.713108831626676931e-06
9.419915844022241913e-07
2.357232488314764396e-06
1.198599824281387782e-06
1.734663894192856048e-06
2.198835243105712323e-06
2.278148726109208155e-06
1.301037409029426328e-06
3.928565550204154988e-06
4.774278103081286417e-06
2.155440137596720263e-06
1.798806481989601025e-06
1.869857460423673956e-06
1.393878326760855657e-06
1.656625319146343145e-06
1.320327844278601503e-06
1.309441120977972162e-06
4.757590217341345351e-07
6.409151036557148018e-07
4.489140307262218244e-07
2.587000286768947888e-06
2.311181794723005112e-06
5.341156552596260099e-07
8.934510993263700129e-07
4.376517408477553772e-07
7.819399752140299142e-07
2.217521995362403686e-06
1.150167696528647809e-06
1.555134381048262071e-06
1.241739112756157226e-06
2.019123706231695792e-06
2.345492611466326593e-06
2.919509875409787014e-06
3.371271366625627763e-06
2.593145615570335849e-06
1.117828058561087801e-06
5.542228773691704191e-07
9.511936932549147627e-07
4.883996558291414658e-07
1.439900793154258452e-06
6.871162520072360280e-07
9.295074420156979045e-07
1.344253661272887257e-06
1.105810273904772600e-06
4.430426321588853966e-06
3.739349544007453119e-06
1.121413007787452898e-06
1.267724528020153230e-06
2.059557708267156784e-06
2.523768509177237718e-06
5.099571515065903782e-07
1.570934791472744507e-06
1.434900570473907067e-06
3.765182453818738395e-06
2.214071581185805826e-06
2.816166345454007569e-06
1.806481022881278875e-06
1.044136091032932256e-06
2.021204139057708460e-06
8.143293972473486519e-07
1.806692192185543888e-06
1.256433333818307574e-06
6.245581752883921922e-07
7.339077487955592005e-07
4.174960375191716366e-07
8.532427666629871510e-07
6.189609390583328263e-07
8.061419738414343783e-07
2.930825789837498974e-07
4.366769257302394180e-08
5.238632579951385537e-07
1.499084132161598859e-06
2.373344505923746794e-06
3.221200058911577457e-06
3.514504285595521083e-06
4.317310755674874656e-06
3.277303980975254660e-06
5.205967290589086360e-07
6.407613347692020511e-07
7.611577180766104789e-07
2.269859504355764557e-06
1.408975150885005689e-06
4.309816559189272311e-07
1.100859267522125151e-06
2.416975750763050712e-06
2.314526305280395491e-06
2.944860020059891781e-06
2.534438136803096597e-06
3.236693415065161616e-06
2.314134707415149705e-06
3.520655714295273242e-06
1.640437816252671155e-06
1.180806479261775621e-06
3.534888067147079482e-06
3.337783261114779521e-06
5.886371573504689536e-07
2.521505654939915075e-06
3.750806725544286735e-06
3.681010564138276209e-06
2.051866390129220008e-06
2.333058846892832605e-06
2.167895139071340793e-06
1.714655604057035987e-06
2.143831211665059300e-06
1.583133345195442132e-06
1.392074071460136508e-06
1.473757593739577487e-06
3.030126015879375245e-06
2.749099364152129965e-06
2.406658597076116735e-06
3.705135879994436721e-06
3.725002417520606457e-06
3.777164227058982249e-06
1.581739079825617011e-06
1.157829498943385715e-06
1.246434551571695692e-06
1.217508738493577880e-06
3.404168165799248413e-06
4.991350621152967904e-06
4.946895132196260647e-06
4.212439858819472249e-06
5.329559982003573282e-06
6.665027172392257171e-07
8.015670522887319294e-07
8.060015186384106300e-07
1.344273834691378511e-06
4.840599135969014810e-06
3.384751766644100712e-06
8.919333832624332103e-07
8.730513050281274445e-07
7.973675196781826457e-07
4.764394241685288023e-06
3.323970282576027557e-06
3.581733685087407082e-06
9.033767791599700558e-07
2.445536686601634813e-06
3.762538505647228249e-06
4.973586741341406992e-07
4.409558549411940476e-07
6.400505239145815040e-07
1.268711659507815170e-06
8.546687213506487524e-07
2.365047086394511666e-06
1.015481292387931944e-06
1.221101019632797602e-06
5.849483648567854743e-07
2.363227251667154860e-06
1.071891694626181391e-06
1.474524795597176308e-06
2.178446578904313924e-06
1.177065803825705359e-06
2.420560053284503965e-06
2.797710714541601362e-06
3.616228317238068257e-06
3.237268494493683590e-06
2.983316887972264908e-06
3.533441441327944688e-06
1.655926552990294454e-06
8.152509556325071571e-07
1.415841793694916362e-06
6.739476844375147380e-07
1.758912856475447484e-06
2.394132166072537871e-06
9.981516432278070283e-07
2.086024902481220522e-06
1.600717236538429233e-06
1.599120523887442857e-06
1.812178842097722509e-06
1.692951181464508181e-06
8.094835139971223725e-07
7.660254468522254001e-07
1.113196003155181302e-07
5.091999466522167950e-07
1.313082942600019010e-06
4.566535743988353602e-07
8.657215299079368265e-07
6.567863255479977624e-07
9.184996812017232060e-07
5.566193375106109897e-07
1.846090963764090986e-06
2.655360864300959634e-06
1.028050553353310193e-06
5.253385348957806400e-07
1.260342500142286326e-06
3.106524276708100274e-07
1.513596081137436045e-06
1.628537834141852159e-06
8.806248175119435473e-07
1.688262918575489380e-06
1.394550795730253867e-06
1.511398075693115572e-06
7.921042295411240275e-07
1.645527895610676694e-06
1.230291956533235975e-06
1.123931632762698030e-06
1.705424435671787364e-06
1.809348613268646488e-06
1.400150599462079981e-06
1.678148324524286750e-06
7.144048908003242104e-07
2.673207073589090044e-06
3.782118777051479697e-07
1.089040688184716998e-06
6.238583877271608458e-07
6.708851454373387924e-07
5.768055992838583279e-07
2.622287780473797625e-06
2.169702877252710493e-06
1.931691970047388907e-06
1.792927376231823189e-06
1.514289796999968019e-06
5.872657194982977558e-07
1.311961290051399942e-06
1.363733794113031195e-06
1.300832754291825211e-06
1.096504272601883656e-06
1.907186931382476303e-06
1.750916565845805906e-06
1.831847477928860712e-06
2.126451742912038867e-06
4.683165284347090562e-06
1.170217850177124319e-06
1.554435243633633945e-06
1.545905871647157426e-06
8.203731288736193505e-07
2.809065502551444382e-05
7.493633839006363928e-07
6.004142385496180623e-07
2.434010457630364499e-07
1.419972535110503031e-07
3.387682242395051446e-06
4.844918203295023318e-07
5.881109809258155963e-06
3.724864294785135144e-08
1.380298275233116101e-06
3.345124163223189839e-07
1.366139904535046412e-06
1.035560190376649814e-06
1.085947811452214751e-06
7.152319327907719071e-07
1.714003094122062976e-06
7.678640783215229249e-07
2.298815407919541087e-06
3.946763860063207119e-06
4.496634213868588859e-06
4.556142157996490027e-07
8.045372661413807691e-07
4.791117875768691192e-07
2.177056132257604304e-06
4.360246658507982431e-06
3.987319942444500498e-06
1.280850063345440049e-06
1.844443276000085064e-06
1.827056946956950867e-06
9.982952061671213073e-07
1.614982852005120151e-06
1.044848743525506052e-06
1.898010921652648619e-06
1.947332595286788148e-06
2.272281886761540193e-06
3.350933350798612764e-06
3.502957566126063682e-06
3.342253891647217756e-06
2.102954716920457656e-06
3.021299020522505430e-06
3.529203710161965546e-06
4.548855297326070968e-06
2.923729737314140209e-06
3.986147188772548589e-06
7.914284407828375834e-07
1.234535848326778762e-06
1.055311910969081168e-06
2.898818698859884080e-06
4.838891851766113916e-06
3.831747718008315928e-06
2.328366723869379484e-06
2.842280675818820157e-06
2.678433782321576473e-06
5.052149071094191868e-06
3.660907657021539308e-06
3.122320805237777108e-06
2.391811240620711487e-06
3.354880231953849545e-06
2.199020839310783515e-06
1.018731137558681610e-06
1.660514638346377581e-06
4.517737672848909369e-06
5.092627545444372572e-06
5.960778706404212812e-06
4.405866196988128536e-06
5.023135457471461507e-06
5.948435093716675226e-06
5.895061220284603110e-06
1.099275665050747364e-06
5.969258558669032766e-06
5.288680456683181319e-06
2.499417230183986760e-06
5.509885744325870860e-06
4.382338031461152639e-06
5.295073345013001642e-06
5.541181906876246899e-06
5.087530517644545114e-06
6.642413005186753594e-07
9.610303209894865972e-07
1.632294616471519078e-06
8.613849906691228853e-07
2.154676278509626286e-07
7.628451395014224090e-07
8.787747787231126040e-07
2.677521193650278519e-07
3.608436350832633366e-07
5.014640319656038514e-07
5.347664225885395695e-07
2.910087006924300113e-07
4.401152574606825851e-07
1.094875010654305925e-06
9.298937994062228540e-07
3.986815747536454069e-07
1.071624854298569574e-06
4.129509874051251472e-07
9.582880289293882470e-07
1.249407383108191993e-06
1.229224111609639181e-06
1.748046009719672611e-06
7.058439845941677504e-07
2.507458914946525397e-07
9.550237961564178590e-07
2.857631282715544785e-07
6.467244988428433317e-07
9.526278575977542573e-07
1.314665944218695870e-06
6.443943249001549134e-07
7.970101587595479486e-07
6.295800090150294182e-07
1.670088720873152965e-06
1.556017723003400022e-06
9.173230555159506139e-07
8.316939912322851569e-07
1.844915701765259541e-06
1.855918310256221559e-06
5.353530784235616125e-07
1.803407386091748776e-06
2.756734838627039608e-06
1.744490745081428429e-06
1.885571755511072922e-06
1.488862759524423041e-06
2.108607108142201980e-06
2.300445958058894291e-06
5.822048436687765616e-07
2.283377456557822427e-06
1.985191333542246639e-06
2.909320467425757784e-06
2.466567269654440508e-06
1.194473878807222889e-06
1.362416872541238888e-06
1.609074234965035544e-06
8.653837586525270353e-07
3.107272030344887526e-06
3.587958402717639217e-06
2.169640610172329787e-06
2.417226743656186727e-06
9.099389981503946956e-07
1.540156103763123951e-06
2.772133522954689511e-06
3.376674705957150024e-06
8.614772395443281994e-07
4.938618019867391240e-06
3.874449187146744578e-06
8.711092421842536737e-07
2.667551809776291805e-06
2.349796814571369907e-06
1.304076384434083025e-06
1.647360169054756796e-06
1.337415703073219220e-06
1.225666784621104455e-06
4.914242095477305838e-07
5.187040686971400305e-07
1.029277263864258884e-06
5.019839037778695001e-07
8.517794326534655625e-07
1.216813057536292320e-06
1.149861405314034357e-06
7.554841091605979386e-07
3.929242526901077781e-07
3.948522049324054706e-07
3.745192553861187434e-07
2.753637580177326072e-07
1.228600402525259483e-06
9.567137354560273366e-07
1.000092109126882178e-06
2.106721631700558817e-06
1.259141373721739399e-06
9.363458186584239229e-07
7.955824378180764711e-07
7.615830731610984117e-07
8.403783798849318032e-07
1.103166055282933655e-06
4.424994888285738170e-07
1.523699007632828284e-06
1.100489641969737420e-06
8.301093246121382663e-07
9.313930040555362666e-07
2.471800171210958297e-07
6.984065521464799531e-07
1.992292104624482363e-06
1.237415956034659814e-06
1.963853906050694320e-06
8.197541329080237915e-07
1.094028035719674108e-06
1.439322910856688509e-06
1.178051667438673178e-06
1.136036106741400431e-06
1.161406440131074191e-06
7.995040727237778810e-07
7.584138556060437963e-07
1.460241080053492624e-06
2.086724615324442311e-06
2.268914074732286679e-06
4.330966202337194204e-07
1.480025906164250671e-06
1.044704479924440932e-06
1.924001315378731647e-06
2.313577530888011324e-06
1.622932422784550965e-06
1.516031842063725321e-06
2.122101565471545825e-06
3.558577426288067613e-06
3.183847698262631809e-06
2.373923915222064807e-06
2.642831174792803495e-06
1.505134949675301925e-06
8.225077150481041599e-07
2.397943328125151652e-06
2.593011520390930968e-06
2.729591668249042868e-06
2.889524459925851829e-06
4.555363217750851845e-07
2.505718412870727718e-06
3.396679747913466940e-06
2.690827217821656347e-06
2.617049380537750380e-06
2.844162370396752237e-06
3.326350483390250190e-06
1.609263097335222881e-06
4.157409162708347594e-06
3.132140809158912020e-06
2.883562335131983900e-06
2.986384451619805702e-06
3.298711828692013626e-06
8.054579528904426411e-07
3.689932041361920767e-06
2.174477778726924271e-06
3.988905015739341309e-06
2.794338283207409290e-06
2.831326121888189107e-06
2.802818893088421248e-06
3.794310609039897031e-06
3.869171268489068893e-06
3.541391417338779490e-06
1.073385861416475962e-06
2.843512379224755193e-06
5.162302922578909659e-06
6.059390960655441916e-06
4.401816248500445283e-06
1.189508551768803102e-06
1.214843514008023817e-06
1.213257987076055144e-06
1.657291092360679841e-06
4.391046436458267976e-07
1.666448418147226107e-07
1.034168998326201461e-06
6.315333248574361846e-07
5.854089245582727585e-07
2.142683783623589022e-06
6.944965543764780591e-07
7.396359318345702150e-07
5.479086547799383311e-07
1.643700604070374993e-06
8.311900595581178663e-07
1.341698006473990290e-06
1.327419732910506411e-06
1.983478735478882982e-06
2.408817898924553447e-06
6.881829521798721316e-07
5.336798708510670508e-07
5.914426387532145668e-07
6.285058430366419202e-07
1.250946977782163572e-06
3.575978378966837568e-07
4.154996733340965420e-07
1.958237140442520285e-06
2.140725277821609041e-06
6.387598927570792284e-07
3.270590808179818509e-07
2.683749163123749781e-06
2.149818684182847051e-06
2.786709921931418421e-06
1.076737776384284473e-06
2.825380431614732402e-06
1.534240740341807907e-06
2.329126393418867735e-06
2.955911985513814955e-06
3.281415318356906141e-06
4.496955279487124812e-06
3.191617251041556358e-06
4.545609639361458676e-06
1.973260984389213490e-06
1.240383515566101380e-06
2.423812205720743407e-06
1.905148961589553380e-06
2.729585626082275951e-06
2.926631870736606800e-06
1.847710714208972149e-06
2.941623427621387066e-06
3.034410896440853378e-06
2.044962916669668118e-06
2.598229363437454253e-06
2.134319686097896351e-06
1.418660909413560489e-06
1.251874295449262320e-06
2.977587773678180838e-06
2.419787280549812181e-06
2.375517619501721356e-06
2.506782057376533146e-06
1.740816222728369667e-06
1.341692730472132666e-06
1.714010803954835183e-06
3.800053999580832453e-06
5.417429413734353716e-06
5.031703127933440101e-06
1.412569245573536136e-06
3.057578020770890248e-06
4.290365505976723171e-06
7.297858851673666436e-07
2.048486010153283132e-06
1.688188177251248590e-06
8.852123805080935881e-07
6.103657848033350319e-07
6.104524842287517572e-07
3.215361910058334161e-06
4.467990723844295076e-06
4.238714299109602734e-06
1.346293777459983687e-06
6.314280116548331989e-07
1.507375058551474467e-06
2.280350822947418976e-06
1.817281746419041610e-06
2.774215418277492518e-06
5.026316605816205652e-06
3.345439650526138564e-06
4.866369032630046831e-06
6.039142167457711707e-07
6.668912659879566718e-07
1.999190846202480998e-07
6.788768738275052783e-07
9.141683021685054200e-07
8.735894786449094340e-07
1.284947932167490592e-06
1.305238492399496408e-06
1.753745637156356452e-06
1.344786876411596666e-06
1.154631425470675765e-06
5.426113265372123351e-07
1.469372857942907729e-06
2.875982259897824633e-06
1.358780619242772048e-06
4.104131262505639199e-06
4.031630115752804500e-06
1.442715390376214657e-06
2.760259452005975334e-06
1.483434010518536184e-06
2.259201719811976261e-06
3.836692198500024631e-06
4.673925942388912347e-06
2.146227214283591422e-06
7.455854786897475606e-07
1.048442406781369129e-06
3.261147579758372217e-07
3.428017680717765359e-06
1.611319462302418515e-06
1.458831563549978227e-06
1.586567926259441208e-06
1.033456652255182462e-06
1.778354037584861658e-06
2.628089605827277353e-06
3.783919560240711633e-06
3.039613936106633219e-06
3.260178344288711116e-06
1.733414312865555473e-06
1.961055263288713491e-06
1.260073181796883546e-06
2.032016974906625251e-06
2.218246204943596922e-06
2.959624965770402127e-06
3.556926389869374816e-06
3.134965093409824988e-06
9.525461637238663570e-07
1.041333685503076367e-06
1.163386566527258026e-06
4.857114904721626658e-07
5.724971631204667233e-07
8.956744600441268744e-07
2.378965026861301624e-06
3.586770542796102745e-06
2.842959974880265861e-06
2.874727628388029643e-06
2.497056520889273656e-06
2.451905450118196939e-06
1.520872545235363305e-06
2.374549031625150519e-06
1.784044822761288174e-06
3.561592773038135817e-06
6.328344067108027104e-06
4.781347396676238759e-06
3.633665341951086702e-07
9.555354977264229888e-07
8.732503460340268475e-07
1.317120045807307349e-06
1.833141748508460012e-06
1.188962246989611060e-06
1.816739434112868423e-06
2.630780664425458326e-06
1.536180744277082511e-06
4.911594000400754112e-07
4.263972955831363265e-07
6.798289424736481124e-07
6.535927913331462946e-07
5.081703627896061448e-07
1.142933511055765905e-06
1.794705384083883359e-06
1.014501153084879093e-06
1.699270015365073050e-06
2.455577637228145704e-06
3.114207467458385281e-06
3.745802601096137607e-06
3.618048791009798038e-06
3.413757212578083511e-06
2.729556996206028430e-06
9.762637804833218524e-07
5.885719553955226502e-07
1.639905615080650136e-06
8.590616292769581719e-07
2.628055010278629311e-07
2.606023256079836870e-07
2.177334519126716827e-06
2.768505129591147806e-06
2.719674171647312733e-06
4.526428154627559763e-06
4.477810550906902165e-06
4.884531543347669924e-06
4.768848059777397452e-07
6.236955705229974001e-07
4.930154803295394572e-07
2.478314504283929409e-06
2.142392282467042719e-06
3.230850260216300285e-06
1.378044425903723891e-06
1.586934366470948987e-06
1.667341659183918523e-06
7.244987214605203008e-07
4.769876312815668484e-07
9.016727072763686124e-07
5.597412551239244749e-07
4.288754426040597423e-07
5.451761355690365463e-07
8.531461246352733951e-07
2.090869137605366745e-06
1.974957872463711794e-06
2.970481725705909071e-06
1.641784553196856677e-06
4.038273441087092408e-06
3.332937236422139904e-06
2.185096192985902519e-06
2.550792671085488905e-06
1.405757060979340167e-06
1.541971436869182810e-06
7.984972825170189026e-07
8.869958343371564524e-07
6.631107249965850770e-07
1.463563049641791736e-07
2.244303175413797646e-06
1.924548133080961065e-06
2.747825731397313120e-06
1.055245746228727910e-06
1.659534083708891217e-06
4.852552550893562966e-07
1.351166115881596852e-06
1.887792943855437500e-06
1.121042714880005065e-06
1.608104194583681590e-06
2.423469016910040352e-06
1.797093335142996295e-06
4.429223119384317897e-07
7.285186489625061768e-07
4.377320160786624115e-07
9.265348529519101817e-07
1.211298023551243830e-06
9.275894368165893411e-07
3.052845628292999436e-06
9.319533034179983133e-07
1.330126003340481589e-06
3.252965668054663695e-06
2.843436992527870188e-06
2.580592464718201029e-06
2.044607026241429537e-06
1.145417893866351733e-06
1.420097785254093026e-06
2.778737629993699443e-06
2.719035170573036453e-06
3.352840331150019892e-06
2.459580958902307657e-07
2.208791892277517377e-06
2.719376754889424319e-07
3.687771310212362152e-06
2.153084339484578891e-06
1.392215139062180640e-06
2.693273744469593112e-06
3.541664345241279932e-06
3.358839894107568114e-06
1.199697009290900951e-06
1.868686137496133881e-06
2.982697733022732223e-06
1.981611016832474093e-06
1.246149214262359806e-06
1.281889705606609198e-06
3.040617075900087229e-06
3.031968004219010027e-06
4.229566896274405963e-06
3.022300611332795484e-06
3.048560848650794242e-06
2.498670091832799756e-06
3.925347741295936999e-06
4.137585208119354263e-06
2.801339600733143698e-06
3.106957589982251022e-06
1.978675350344794026e-06
1.549949095513980524e-06
4.237379117366657511e-06
3.755385118986431792e-06
3.954405016104445281e-06
2.039687118093880258e-06
1.918873788753217013e-06
1.209881535291223997e-06
1.808542339665208942e-06
1.362231804247215905e-06
1.907562950487218245e-06
1.581774893733012277e-06
1.677976429692584759e-06
1.165884885967471973e-06
2.972838251791287689e-06
3.214852101862675227e-06
3.238083167489413938e-06
1.613327289873289772e-06
1.115795976169842163e-06
9.650322816412426619e-07
1.850775225187284434e-06
7.289975978430618397e-07
4.161634475030595581e-06
2.409487548815647528e-06
1.762039856356700795e-06
3.244562164161912676e-06
3.024744326340922385e-06
1.977230096317228458e-06
3.046296037645390697e-06
1.394302554413862083e-06
1.070670243352722650e-06
2.337003157992789681e-06
6.400099040737572409e-07
9.309611372909643023e-07
6.090462139063390623e-07
7.087726666687999000e-07
1.069257382968480385e-06
1.134040592987162199e-06
2.113749721033286733e-06
1.971058102290257352e-06
2.163115967346307400e-06
1.717440609727560741e-06
2.747566577698812296e-06
2.966877992172101131e-06
8.725488042093942909e-07
8.700505389480639451e-07
1.116009973212150896e-06
1.378606396262860301e-06
1.188852022826480948e-06
2.278494828811261641e-06
1.046263367610045236e-06
9.128353224419072376e-07
1.526965757836507009e-06
2.968611792164566054e-06
1.270978787659693410e-06
1.519621988133046386e-06
8.156719588647831642e-07
1.051821087449944514e-06
1.158352179064792153e-06
1.404998609677576837e-07
2.232432331217282240e-07
7.311640735085944698e-07
8.647810624262675105e-07
1.169149415725101449e-06
5.024647599105591667e-07
1.516194221284905552e-07
3.541678087470856440e-07
7.252610875196907614e-07
1.915934991492118655e-05
6.242584094096059744e-08
1.175999573166386369e-06
3.362981526588981751e-08
2.628237020241286359e-07
1.377326991347516127e-07
3.566966860102382952e-06
3.612115738849119850e-06
5.608954788516307133e-06
4.070060457217472560e-06
8.121279265749237197e-07
3.956650587610965886e-06
4.254841749784521454e-05
8.801378339806653628e-06
9.123094690810518159e-07
8.571860219408478088e-07
3.936354201694580723e-05
1.290578112267404265e-06
5.362442465628447508e-07
7.101148272736779177e-07
5.614274577458999715e-07
2.290792681103326345e-06
1.270759687033162777e-06
2.411551545011825226e-06
3.420222938976813509e-06
3.270206579197854069e-06
3.466070238822283045e-06
3.352557749192186520e-06
3.195986793880223331e-06
2.519660491806519076e-06
4.141527220058449643e-06
4.649642426968192410e-06
4.887404926545713124e-06
1.864737205981015222e-06
8.388170907092096229e-06
1.462106732130763476e-06
2.602079528213341320e-05
1.307405861350474652e-06
1.049349103798835614e-05
1.028603575314868124e-06
1.790257157963104362e-06
5.118893800393209403e-06
4.884582560982231314e-06
5.086714576219009132e-06
3.508575626143262127e-06
4.691550095636820572e-06
4.455009690818023671e-06
3.079754641310827878e-06
1.509540440869372446e-06
3.294848121337956570e-06
2.978778354867372968e-06
5.684628056057405843e-07
1.184831703415767379e-06
1.488770489110891049e-06
1.016017182164929977e-06
4.178782824215687697e-07
1.975621153449402811e-06
2.016287824813112195e-06
1.141936644244445631e-06
9.311950017742987029e-07
3.276202681368189928e-07
5.644182603514735774e-07
7.148840212023443996e-07
1.229987002582255684e-06
6.960563347924164646e-07
1.134686250181538014e-06
5.078644059741677097e-07
5.804844868118053114e-07
3.693228827206240794e-07
1.627101946510833841e-06
1.002291882268302459e-06
1.572623677170703616e-06
2.189764578996999944e-06
1.535832981569562605e-06
2.462302970629437482e-06
1.953002997656660966e-06
5.699961382887863692e-07
7.500463836684900798e-07
7.999342168663048369e-07
1.307177053044838999e-06
1.771088911195484172e-06
1.188146080632890289e-06
4.488804951074953919e-07
1.436442615743160900e-06
2.606106061620039327e-06
2.557718142615073020e-06
2.242941825270072798e-06
2.425106562897738627e-06
3.545410852234809340e-06
3.465727496543280495e-06
2.928749823438714373e-06
2.682116726382410832e-06
2.999247068702359797e-06
2.289592414883578897e-06
2.676156719338962375e-06
2.752921153370557761e-06
1.868571561369769540e-06
1.490447359753233059e-06
8.623321110512449650e-07
5.994508642581664049e-06
1.638381908142250154e-06
6.284828690361621284e-06
9.294333416232092304e-07
3.466715033262346424e-06
2.883864257952062360e-06
5.686045674857531651e-06
4.436649542083337394e-06
3.047263229860597278e-06
1.091322023305529854e-06
2.096952083308067927e-06
3.150075394309226340e-06
1.369450353017054312e-05
3.288920246480309117e-06
5.410714299269869798e-06
4.544642500103890370e-07
1.738399343254037888e-06
1.031504304249697412e-05
4.447723057188213147e-06
3.214181862332132766e-06
4.340135310476611608e-06
2.605964416479977785e-06
1.946817489806296209e-05
2.048796471809666286e-06
1.059834465733100473e-05
1.275933225075576161e-06
3.173204646822469499e-07
1.449340342185578834e-06
7.933352352829103893e-08
4.142168602561113744e-07
1.806178006602543462e-06
5.122100721344224894e-08
1.572651441295036534e-07
2.915568603212292942e-07
2.736299320460489071e-08
3.073668201958312807e-06
2.350952220342428234e-06
6.382245076874681899e-08
5.528654467568117070e-08
9.804705399796276311e-07
7.066523077803310571e-08
1.567497444066034973e-07
9.101803366551308727e-08
1.570212760926281703e-07
8.050878319565413221e-08
8.117729560774833431e-07
3.399675207682584244e-06
2.670990368103254298e-06
2.230367402988875369e-07
1.475992140731463564e-07
9.024006708546750133e-08
2.795236346830876073e-07
2.437954049749890828e-08
2.192003494716487921e-06
3.954868833533353722e-07
3.512076098832750404e-07
1.384015786864978281e-06
3.950892265569549977e-07
1.527668783807278885e-06
1.036915541874350311e-06
1.406173278817313133e-06
9.778395916315574254e-07
1.465863210370343950e-06
4.347256582493130850e-06
3.573144528257188313e-06
4.335624365414680881e-06
6.456156806944335358e-07
1.206851678814402362e-06
3.894241940027853843e-08
5.813709881952178193e-06
3.939610061731713131e-06
5.480109337208105558e-06
1.340536375571410588e-06
6.631033563353483373e-07
5.043022330841751000e-07
2.080453270769666574e-07
9.081138880873140806e-07
2.807069351185020878e-06
5.319552602522925611e-06
7.029572095751390748e-06
6.250434663845894079e-06
5.647061077640458393e-07
1.324707334493524513e-06
9.341526103767705536e-07
3.192542597618697187e-06
5.235886909482623253e-06
1.331468962528781219e-06
5.594201485270566820e-06
5.511014515846568429e-06
4.659989166877487321e-06
6.821436596693430943e-07
5.633748501043811530e-08
1.366811465675077386e-06
2.460568244377903113e-06
2.162798634630647143e-06
3.251084918387547873e-06
4.803489958016271544e-07
1.556071556163551861e-06
7.631404931318641616e-07
2.192145746926499328e-06
1.539489346225053623e-06
1.889287290390839757e-06
5.368801788696586641e-07
4.528543436910226205e-07
6.097341050947946428e-07
3.796273142508965748e-06
5.339513052704525364e-06
4.493251895110184080e-06
8.612501775084879796e-07
2.035481926343507553e-07
2.046114600084969481e-06
6.012088324958142493e-07
7.552541383404332009e-07
4.498006693776090970e-07
2.755166608192638478e-07
5.045383772994682658e-07
7.622875559665232004e-07
1.482572321687136707e-06
1.428489868393612028e-06
2.614718946025718083e-06
7.529720987831112211e-07
5.150610634330199389e-06
2.228323933151088454e-06
3.813848076461567871e-06
3.466108623118024923e-06
2.661226217615109135e-06
3.978214186961537280e-07
5.851191108297015830e-07
1.022595187749608669e-06
8.840922685049434904e-07
9.921928152412107238e-07
3.758323682268027710e-07
5.538813976913026238e-06
4.919583676210592671e-06
5.516203631539262631e-06
7.421208830793446509e-07
1.207373216516316461e-06
8.976241516744920546e-07
4.930452834228660208e-06
4.220796681053684551e-06
5.232341292793485366e-06
1.402440919950898035e-06
1.392109847286882029e-06
1.661646115258541556e-06
1.540584465997696384e-06
7.913126819358851094e-07
6.832869039463673744e-07
1.235587770098689475e-06
7.127198804468548587e-07
4.766982545367781654e-07
2.561854237748129037e-06
3.975867040040270695e-06
4.038588718668911781e-06
1.551000394783841330e-06
7.388843964450941826e-07
9.075277332959430510e-07
9.033076266984352287e-07
2.025728845889140928e-06
1.396477412485275238e-06
2.045168821851461871e-06
2.555196679576710039e-06
2.708283267427447072e-06
1.080418498999868859e-06
8.885037817707441832e-07
9.886868602704268483e-07
3.108005652618928139e-06
3.309986341792914288e-06
4.213474440573072854e-06
3.520054240979675342e-06
4.103946516842427172e-06
1.277420085155078766e-06
3.035185123234640514e-07
2.654580075756030055e-07
1.483797184009816306e-07
5.540294284456237506e-07
2.945316709412892919e-07
2.980919212580701583e-07
5.595675544034506288e-07
4.021011087429471331e-07
4.666006934161970321e-07
2.498280065488245327e-06
2.393749948592649446e-06
2.021514659222845012e-06
7.002150175239307828e-07
7.358878090224507673e-07
8.122267151078332859e-07
4.404686021919346217e-06
3.083957936245163012e-06
3.675641663258844005e-06
5.190144157118936619e-06
5.498816924021099339e-06
5.097524304886746904e-06
4.128784025336784680e-06
3.330238504739568839e-06
3.539373183980565329e-06
1.565498423117261950e-07
3.776416128697945851e-07
4.367779843361674352e-07
1.838183881774924089e-07
5.742013257092892786e-07
2.178876333802648446e-07
5.996797032614686884e-06
5.270640248578040143e-06
2.645001279222292112e-06
2.201774006005408069e-06
1.369985979771115581e-06
1.364413467874747710e-06
6.539732282373478256e-07
1.070704752526019377e-06
2.888713633519834900e-06
1.439374053280317867e-06
5.925291054476033992e-07
1.049753291404442734e-06
2.713884333482852185e-06
2.643322122186653189e-06
1.578297254001270744e-06
1.997392933272834625e-06
3.670989304427330069e-06
1.779925113964964112e-06
2.197338590192998709e-06
2.036181853348750792e-06
1.843521792332936116e-06
1.568075729929674367e-06
1.570740722489638586e-06
1.720418034922843731e-06
1.224268902144665105e-06
3.232569036559773679e-06
5.241839369674039517e-06
1.227462686048674811e-06
1.026934011272295777e-06
5.122987205563589441e-07
1.140715988556806337e-06
1.241235798810080837e-06
3.826462925404783277e-07
4.253973184820125653e-06
4.915904085800448797e-06
3.357668590164841760e-06
3.983689680353563745e-07
4.712366085124486403e-07
4.294256510384286685e-07
6.012882586836632015e-06
5.260530535400320673e-06
3.750358855247881706e-06
4.556317450665758884e-06
5.370085737754770605e-06
5.155749518759300543e-06
6.002452857312157164e-06
3.565728703747161887e-06
5.053242533525903468e-06
1.676122443061700551e-06
2.722448438130520287e-06
2.485861435475023029e-06
2.581816713642659522e-06
3.192845790644938120e-06
2.465001078699735615e-06
1.175251196583460001e-06
1.463207634722074602e-06
1.415484518263454561e-06
5.356265315836772345e-06
5.645454445479813899e-06
6.107143166400597067e-06
4.010090922546005743e-06
3.692229065377361508e-06
4.137268047710307428e-06
5.183462087998691459e-06
2.659756594636242255e-06
1.848881825194936823e-06
2.258555275469475987e-06
2.519301965708820035e-06
2.339297798692463459e-06
3.116020300342192684e-06
3.887145666681135481e-06
3.548340901549096316e-06
5.726341804845880290e-06
1.879658867887101792e-06
3.675475623410306980e-06
2.783067918898929349e-06
2.971496652959260132e-06
2.597586347130587114e-06
2.902687297634543029e-06
2.978068405989908740e-06
2.674316984307978373e-06
1.167106416288810067e-06
1.408374896039177315e-06
1.804802971294705571e-06
1.965094969635927669e-06
2.183102793984481593e-06
1.238026601124708748e-06
1.310491761552512457e-06
1.742814858873842354e-06
1.890225563738745507e-06
2.656195423833551672e-06
2.549407657426172591e-06
2.743529121551624428e-06
2.102609399923238698e-07
9.467618268255151293e-07
1.540640913733071216e-07
4.053290333594361528e-06
4.772370066352671358e-06
4.141341302332790519e-06
3.565270132677156312e-06
2.895535976654706189e-06
8.282863609432311591e-07
4.407039159826098285e-06
4.651418027967757496e-06
2.111098855284154752e-06
8.354547736955098003e-07
2.642408562181230991e-06
1.446686686223941365e-06
2.241868727326234989e-06
3.118432941318083351e-06
2.678574852255088956e-06
8.472190188291151003e-07
8.242822238102576193e-07
7.994108907061203695e-07
1.691840887607654054e-06
9.051707962060007162e-07
1.066029711394023138e-06
4.739934050812522059e-07
1.475464356137656807e-06
1.228757742666175545e-06
3.616097975500665029e-07
1.565860697771981336e-07
1.523855943652563383e-07
5.902059589946162532e-07
2.179750104303046498e-06
1.646975764657554464e-06
1.428000793390893364e-06
5.591351918132758669e-07
8.785617046092042415e-07
2.755626808403910388e-06
2.125514806716743976e-06
2.720413322609971374e-06
1.435698628315940084e-06
1.826346941569134685e-06
1.742166639728814914e-06
1.944835693601376647e-06
1.048458613928104910e-06
3.496970150118627885e-07
9.219420279427126275e-07
8.275072648222803195e-07
1.048407968773368282e-06
8.283081487370225204e-07
2.086023827008176568e-07
5.060609410412197917e-07
1.123689997828414278e-06
1.760745489187698354e-06
1.964266088783084285e-06
5.813010793054296244e-06
5.765483264807969022e-06
8.205029655705686764e-07
1.490551534422124291e-07
6.342374553325313968e-07
2.817122098597302227e-06
7.603253284749200702e-07
1.312351425419855389e-06
7.133859746266679736e-07
1.331218488775931519e-06
1.392862067239875046e-06
1.909874015604273723e-07
2.696012600833519457e-06
1.784751868960654519e-06
2.654116448841392639e-06
4.023381218520860614e-06
4.405259997786181714e-06
3.593069982876784252e-06
9.766627505625180561e-07
1.282419941683876630e-06
1.307048170251512431e-06
2.398110462653590957e-06
1.870964496553106926e-06
1.571735146255193172e-06
8.978753933686078881e-07
8.627570432517828181e-07
5.642803445615740543e-07
7.754797075598673928e-07
8.301861778026164984e-07
7.357867375379356645e-07
6.478408058896434341e-07
9.113774426250387251e-07
1.536469664276118863e-06
1.158451805371996102e-06
2.872182979563042693e-06
3.371018602371655959e-06
9.387333046451118435e-07
1.083238745369641265e-06
3.554484165890769987e-07
3.999315768665745452e-06
3.133438430280577336e-06
3.171480220998112998e-06
1.101861951902094461e-06
1.228173685197120335e-06
1.026774189227808165e-06
4.750548199261572790e-07
7.935173329531863828e-07
8.684515899748390666e-07
1.766275622205881746e-06
2.383016733498166673e-06
1.888237880498522259e-06
2.552339384953583590e-06
4.192960241566900947e-06
2.368989919787622966e-06
2.762815809465024586e-06
4.122930781447209370e-06
4.221389186653823344e-06
4.848637044641002092e-06
4.897907256440348078e-06
3.919888966419371457e-06
1.249968775263177179e-06
8.394646033860198031e-07
8.238712596586594827e-07
1.728569653636213843e-06
1.708530986355150105e-06
4.516176657642922976e-06
2.686465663481740762e-06
3.030728961572748403e-06
1.627060130404700544e-06
2.461490630434326476e-06
1.387728241653007899e-06
1.370698152647342738e-06
5.393876151060794655e-06
4.566925935534094094e-06
6.010910361786692135e-06
2.326601656554849740e-06
1.849265393594201612e-06
1.399869598461833675e-06
1.359093341091188734e-06
2.339883883872850845e-06
4.860164986575377100e-06
1.723167352918331119e-06
4.948766827217454534e-06
1.158873264350823717e-06
5.431232005581598798e-06
4.499802949364806182e-06
4.502700050146302146e-06
5.488256700991733794e-06
5.844638085283904161e-06
6.087793612885583627e-06
4.320628408049920210e-06
2.873881944420730861e-06
5.380110485675437815e-06
3.450726724585351235e-06
6.054951607326053420e-06
5.418952796376608205e-06
8.146935108754860266e-07
5.351662444308402655e-07
3.321920012400170208e-07
8.705405770692564715e-07
4.196912933851493221e-07
3.324118265091158264e-07
2.150159469360701792e-07
7.635670461469956649e-07
1.010378661847610715e-06
5.037380218508857865e-07
3.598485562861242215e-07
5.258712498790174550e-07
6.303706630017558155e-07
4.776669720873982783e-07
8.005585060422149013e-07
1.494120047684788233e-07
8.130655979599055172e-07
2.641178823425960331e-07
1.345047965339851714e-06
4.695859003867042247e-07
7.531337701260909512e-07
6.665206081502006441e-07
8.035744994971949495e-07
4.701870216505810163e-07
8.440648897600766531e-07
1.002144241923907941e-06
8.019945337833789267e-07
1.275740762141097662e-06
6.241089258729459743e-07
5.189706616670619610e-07
8.153245776298945202e-07
1.618245777379456740e-06
1.477062650856453274e-06
9.785127351724653977e-07
8.825150578095630749e-07
1.147976747772894157e-06
7.829424609751001185e-07
8.977558751954717309e-07
1.916870222884448083e-06
7.297691873020539788e-07
1.884272574637080311e-06
1.828801367120824750e-06
2.160745657842078060e-06
1.894153309422996756e-06
2.364307007396426741e-06
1.140581686542851969e-06
2.365554654160106907e-06
2.174473713423275001e-06
2.228600544662562299e-06
1.930452107945512807e-06
2.157614909181759799e-06
2.432652876138696740e-06
2.112302991297276833e-06
2.200363513393810422e-06
1.096682757273370612e-06
1.211755266128378139e-06
1.855220481239427954e-06
7.096822225438614851e-07
3.248405879840987609e-06
9.992323168894756691e-07
2.242418363218590116e-06
8.956744804722305275e-07
2.925130271558273876e-06
1.077507609137384748e-06
2.702278130040092208e-06
2.624485706648194139e-06
4.254068131093191596e-06
4.546991123843824312e-06
4.412434109424268058e-06
3.245180616118226169e-06
1.646612416528192568e-06
2.889379619674947719e-06
3.089026645586301356e-07
1.606281879729110074e-07
7.800383823308720821e-07
3.056208035534524470e-07
9.058811328843674460e-07
6.979008443375178672e-07
4.346202183702629895e-07
8.274961270648972800e-07
7.703874097542140476e-07
6.874035273218837006e-07
6.492421533721426385e-07
7.197594252827954620e-07
9.484677448989842219e-07
7.971601313494502961e-07
4.889816820341508219e-07
6.768527598399742828e-07
5.337870728761018313e-07
1.616595702635947873e-06
6.005360549954374960e-07
1.770164864467460575e-06
1.762972802410445183e-06
2.974830870527966908e-07
7.233686729612998079e-07
5.525721291643748145e-07
1.649697878525202555e-06
4.832108025931702855e-07
4.579434220719491577e-07
1.055747446687682611e-06
3.661040156588413197e-07
5.329277125154519013e-07
9.028787225640044767e-07
6.098931308873289936e-07
6.561792706971658617e-07
1.742677333549380592e-06
1.200266359635548952e-06
8.207376254176779184e-07
1.812603497630682625e-06
1.298734323418315739e-06
9.912785791099665289e-07
1.693873750374663700e-06
1.171879834060973735e-06
8.761555214675809111e-07
1.277491840201427920e-06
8.889993702299037182e-07
2.350907289838666259e-06
1.271281605319529717e-06
1.629293579830104477e-06
1.161523588311119681e-06
1.701777519347302814e-06
2.159128638323792870e-06
1.925488910425876554e-06
9.129396445484161404e-07
1.399912904376243716e-06
1.740040194375680471e-06
1.330949365163647258e-06
3.083371894918585099e-06
1.571251040499710427e-06
2.723253716196971652e-06
2.286132857021172526e-06
1.453147528529541432e-06
2.440414790694234171e-06
1.970133303164089966e-06
2.771742068752303112e-06
2.326709439892660214e-06
9.018288988915657001e-07
2.601072011332306033e-06
2.438760694167818599e-06
2.501327805215503020e-06
2.466869767903112631e-06
3.334526044174168646e-06
3.440624331441100026e-06
2.759690719944529746e-06
3.561611172875345233e-06
2.977928124425766043e-06
3.661242598540503934e-06
3.135862224445951085e-06
1.088376782587552327e-06
2.811898785592958916e-06
3.963508971582818674e-06
3.179450483892232171e-06
2.132843869739886600e-06
8.545851927221903566e-07
1.876699399883108299e-06
3.190337211744775914e-06
3.614422783293491648e-06
3.939872176506042933e-06
3.892299085928030422e-06
4.818258588445978319e-06
3.666787945721949882e-06
2.717059408574584722e-06
